0
6.4952e-09
1.0368e-07
5.2361e-07
1.6509e-06
4.0206e-06
8.3165e-06
1.5369e-05
2.6153e-05
4.1786e-05
6.3525e-05
9.2767e-05
0.00013104
0.00018002
0.00024149
0.00031739
0.00040977
0.0005208
0.00065279
0.00080815
0.00098943
0.0011993
0.0014405
0.0017159
0.0020285
0.0023814
0.0027777
0.0032209
0.0037142
0.0042612
0.0048654
0.0055305
0.0062603
0.0070586
0.0079294
0.0088766
0.0099043
0.011017
0.012218
0.013513
0.014905
0.0164
0.018001
0.019713
0.021541
0.02349
0.025563
0.027767
0.030106
0.032584
0.035207
0.03798
0.040908
0.043995
0.047247
0.050669
0.054266
0.058044
0.062007
0.066161
0.070512
0.075063
0.079821
0.084792
0.089979
0.09539
0.10103
0.1069
0.11301
0.11937
0.12597
0.13283
0.13995
0.14734
0.155
0.16293
0.17115
0.17966
0.18845
0.19755
0.20695
0.21666
0.22668
0.23703
0.24769
0.25869
0.27003
0.28171
0.29373
0.3061
0.31883
0.33192
0.34538
0.35921
0.37342
0.38801
0.40299
0.41836
0.43413
0.4503
0.46688
0.48387
0.50128
0.51911
0.53736
0.55605
0.57517
0.59474
0.61474
0.6352
0.65612
0.67749
0.69932
0.72163
0.7444
0.76766
0.79139
0.81561
0.84032
0.86552
0.89122
0.91742
0.94413
0.97134
0.99907
1.0273
1.0561
1.0854
1.1152
1.1456
1.1765
1.2079
1.2399
1.2724
1.3055
1.3391
1.3733
1.408
1.4433
1.4792
1.5157
1.5527
1.5903
1.6285
1.6672
1.7066
1.7465
1.787
1.8282
1.8699
1.9122
1.9551
1.9986
2.0428
2.0875
2.1329
2.1788
2.2254
2.2726
2.3204
2.3689
2.418
2.4677
2.518
2.569
2.6206
2.6728
2.7257
2.7792
2.8333
2.8881
2.9436
2.9997
3.0564
3.1138
3.1718
3.2305
3.2898
3.3498
3.4105
3.4718
3.5338
3.5964
3.6597
3.7237
3.7883
3.8536
3.9195
3.9861
4.0534
4.1214
4.19
4.2593
4.3292
4.3999
4.4712
4.5432
4.6158
4.6891
4.7631
4.8378
4.9132
4.9892
5.0659
5.1433
5.2213
5.3001
5.3795
5.4595
5.5403
5.6217
5.7039
5.7867
5.8701
5.9543
6.0391
6.1246
6.2108
6.2976
6.3852
6.4734
6.5623
6.6518
6.7421
6.833
6.9246
7.0168
7.1097
7.2033
7.2976
7.3926
7.4882
7.5845
7.6815
7.7791
7.8774
7.9764
8.076
8.1763
8.2773
8.3789
8.4812
8.5842
8.6878
8.7921
8.897
9.0026
9.1089
9.2158
9.3234
9.4316
9.5405
9.6501
9.7602
9.8711
9.9826
10.095
10.208
10.321
10.435
10.55
10.665
10.781
10.898
11.015
11.133
11.252
11.371
11.491
11.611
11.732
11.854
11.976
12.099
12.223
12.347
12.472
12.597
12.723
12.85
12.977
13.105
13.234
13.363
13.492
13.623
13.754
13.885
14.017
14.15
14.283
14.417
14.552
14.687
14.823
14.959
15.096
15.233
15.371
15.51
15.649
15.789
15.929
16.07
16.212
16.354
16.496
16.639
16.783
16.927
17.072
17.218
17.364
17.51
17.657
17.805
17.953
18.102
18.251
18.401
18.551
18.702
18.853
19.005
19.158
19.311
19.464
19.618
19.773
19.928
20.083
20.239
20.396
20.553
20.711
20.869
21.028
21.187
21.346
21.506
21.667
21.828
21.99
22.152
22.314
22.477
22.641
22.805
22.969
23.134
23.3
23.466
23.632
23.799
23.966
24.134
24.302
24.471
24.64
24.809
24.98
25.15
25.321
25.492
25.664
25.836
26.009
26.182
26.355
26.529
26.704
26.879
27.054
27.229
27.406
27.582
27.759
27.936
28.114
28.292
28.47
28.649
28.829
29.008
29.188
29.369
29.55
29.731
29.913
30.095
30.277
30.46
30.643
30.827
31.01
31.195
31.379
31.564
31.75
31.935
32.122
32.308
32.495
32.682
32.869
33.057
33.245
33.434
33.623
33.812
34.001
34.191
34.381
34.572
34.763
34.954
35.145
35.337
35.529
35.722
35.915
36.108
36.301
36.495
36.689
36.883
37.077
37.272
37.467
37.663
37.859
38.055
38.251
38.447
38.644
38.842
39.039
39.237
39.435
39.633
39.831
40.03
40.229
40.428
40.628
40.828
41.028
41.228
41.429
41.63
41.831
42.032
42.234
42.435
42.637
42.84
43.042
43.245
43.448
43.651
43.855
44.058
44.262
44.466
44.671
44.875
45.08
45.285
45.49
45.695
45.901
46.107
46.313
46.519
46.725
46.932
47.138
47.345
47.553
47.76
47.967
48.175
48.383
48.591
48.799
49.008
49.216
49.425
49.634
49.843
50.052
50.262
50.471
50.681
50.891
51.101
51.311
51.522
51.732
51.943
52.154
52.365
52.576
52.787
52.998
53.21
53.422
53.633
53.845
54.057
54.27
54.482
54.694
54.907
55.12
55.332
55.545
55.758
55.971
56.185
56.398
56.612
56.825
57.039
57.253
57.467
57.681
57.895
58.109
58.323
58.538
58.752
58.967
59.181
59.396
59.611
59.826
60.041
60.256
60.471
60.686
60.902
61.117
61.333
61.548
61.764
61.98
62.195
62.411
62.627
62.843
63.059
63.275
63.491
63.707
63.923
64.14
64.356
64.572
64.789
65.005
65.222
65.438
65.655
65.872
66.088
66.305
66.522
66.739
66.955
67.172
67.389
67.606
67.823
68.04
68.257
68.474
68.691
68.908
69.125
69.342
69.559
69.776
69.993
70.211
70.428
70.645
70.862
71.079
71.296
71.514
71.731
71.948
72.165
72.382
72.599
72.817
73.034
73.251
73.468
73.685
73.902
74.12
74.337
74.554
74.771
74.988
75.205
75.422
75.639
75.856
76.073
76.29
76.507
76.724
76.94
77.157
77.374
77.591
77.807
78.024
78.241
78.457
78.674
78.891
79.107
79.324
79.54
79.756
79.973
80.189
80.405
80.621
80.837
81.054
81.27
81.486
81.702
81.917
82.133
82.349
82.565
82.78
82.996
83.211
83.427
83.642
83.858
84.073
84.288
84.503
84.718
84.933
85.148
85.363
85.578
85.793
86.007
86.222
86.436
86.651
86.865
87.08
87.294
87.508
87.722
87.936
88.15
88.363
88.577
88.791
89.004
89.218
89.431
89.644
89.857
90.07
90.283
90.496
90.709
90.922
91.134
91.347
91.559
91.772
91.984
92.196
92.408
92.62
92.832
93.043
93.255
93.466
93.678
93.889
94.1
94.311
94.522
94.733
94.944
95.154
95.365
95.575
95.785
95.996
96.206
96.416
96.625
96.835
97.045
97.254
97.463
97.673
97.882
98.091
98.3
98.508
98.717
98.925
99.134
99.342
99.55
99.758
99.966
100.17
100.38
100.59
100.8
101
101.21
101.42
101.62
101.83
102.04
102.24
102.45
102.66
102.86
103.07
103.27
103.48
103.68
103.89
104.09
104.3
104.5
104.71
104.91
105.12
105.32
105.53
105.73
105.93
106.14
106.34
106.55
106.75
106.95
107.15
107.36
107.56
107.76
107.96
108.17
108.37
108.57
108.77
108.97
109.18
109.38
109.58
109.78
109.98
110.18
110.38
110.58
110.78
110.98
111.18
111.38
111.58
111.78
111.98
112.18
112.38
112.58
112.77
112.97
113.17
113.37
113.57
113.76
113.96
114.16
114.36
114.55
114.75
114.95
115.14
115.34
115.54
115.73
115.93
116.12
116.32
116.51
116.71
116.91
117.1
117.29
117.49
117.68
117.88
118.07
118.27
118.46
118.65
118.85
119.04
119.23
119.42
119.62
119.81
120
120.19
120.39
120.58
120.77
120.96
121.15
121.34
121.53
121.72
121.91
122.1
122.29
122.48
122.67
122.86
123.05
123.24
123.43
123.62
123.81
124
124.18
124.37
124.56
124.75
124.94
125.12
125.31
125.5
125.68
125.87
126.06
126.24
126.43
126.61
126.8
126.99
127.17
127.36
127.54
127.73
127.91
128.09
128.28
128.46
128.65
128.83
129.01
129.2
129.38
129.56
129.74
129.93
130.11
130.29
130.47
130.65
130.84
131.02
131.2
131.38
131.56
131.74
131.92
132.1
132.28
132.46
132.64
132.82
133
133.18
133.36
133.53
133.71
133.89
134.07
134.25
134.42
134.6
134.78
134.95
135.13
135.31
135.48
135.66
135.84
136.01
136.19
136.36
136.54
136.71
136.89
137.06
137.24
137.41
137.58
137.76
137.93
138.11
138.28
138.45
138.62
138.8
138.97
139.14
139.31
139.49
139.66
139.83
140
140.17
140.34
140.51
140.68
140.85
141.02
141.19
141.36
141.53
141.7
141.87
142.04
142.21
142.38
142.54
142.71
142.88
143.05
143.21
143.38
143.55
143.72
143.88
144.05
144.21
144.38
144.55
144.71
144.88
145.04
145.21
145.37
145.54
145.7
145.87
146.03
146.19
146.36
146.52
146.68
146.85
147.01
147.17
147.33
147.5
147.66
147.82
147.98
148.14
148.3
148.46
148.63
148.79
148.95
149.11
149.27
149.43
149.59
149.75
149.9
150.06
150.22
150.38
150.54
150.7
150.86
151.01
151.17
151.33
151.48
151.64
151.8
151.95
152.11
152.27
152.42
152.58
152.73
152.89
153.04
153.2
153.35
153.51
153.66
153.82
153.97
154.13
154.28
154.43
154.59
154.74
154.89
155.04
155.2
155.35
155.5
155.65
155.8
155.95
156.11
156.26
156.41
156.56
156.71
156.86
157.01
157.16
157.31
157.46
157.61
157.75
157.9
158.05
158.2
158.35
158.5
158.64
158.79
158.94
159.09
159.23
159.38
159.53
159.67
159.82
159.96
160.11
160.26
160.4
160.55
160.69
160.84
160.98
161.12
161.27
161.41
161.56
161.7
161.84
161.99
162.13
162.27
162.41
162.56
162.7
162.84
162.98
163.12
163.27
163.41
163.55
163.69
163.83
163.97
164.11
164.25
164.39
164.53
164.67
164.81
164.95
165.09
165.23
165.36
165.5
165.64
165.78
165.92
166.05
166.19
166.33
166.46
166.6
166.74
166.87
167.01
167.15
167.28
167.42
167.55
167.69
167.82
167.96
168.09
168.23
168.36
168.5
168.63
168.76
168.9
169.03
169.16
169.3
169.43
169.56
169.69
169.83
169.96
170.09
170.22
170.35
170.48
170.61
170.75
170.88
171.01
171.14
171.27
171.4
171.53
171.66
171.78
171.91
172.04
172.17
172.3
172.43
172.56
172.68
172.81
172.94
173.07
173.19
173.32
173.45
173.58
173.7
173.83
173.95
174.08
174.21
174.33
174.46
174.58
174.71
174.83
174.96
175.08
175.21
175.33
175.45
175.58
175.7
175.82
175.95
176.07
176.19
176.32
176.44
176.56
176.68
176.8
176.93
177.05
177.17
177.29
177.41
177.53
177.65
177.77
177.89
178.01
178.13
178.25
178.37
178.49
178.61
178.73
178.85
178.97
179.09
179.2
179.32
179.44
179.56
179.68
179.79
179.91
180.03
180.14
180.26
180.38
180.49
180.61
180.73
180.84
180.96
181.07
181.19
181.3
181.42
181.53
181.65
181.76
181.88
181.99
182.1
182.22
182.33
182.45
182.56
182.67
182.78
182.9
183.01
183.12
183.23
183.35
183.46
183.57
183.68
183.79
183.9
184.01
184.13
184.24
184.35
184.46
184.57
184.68
184.79
184.9
185.01
185.11
185.22
185.33
185.44
185.55
185.66
185.77
185.87
185.98
186.09
186.2
186.31
186.41
186.52
186.63
186.73
186.84
186.95
187.05
187.16
187.26
187.37
187.48
187.58
187.69
187.79
187.9
188
188.11
188.21
188.31
188.42
188.52
188.63
188.73
188.83
188.94
189.04
189.14
189.25
189.35
189.45
189.55
189.66
189.76
189.86
189.96
190.06
190.16
190.26
190.37
190.47
190.57
190.67
190.77
190.87
190.97
191.07
191.17
191.27
191.37
191.47
191.57
191.66
191.76
191.86
191.96
192.06
192.16
192.25
192.35
192.45
192.55
192.65
192.74
192.84
192.94
193.03
193.13
193.23
193.32
193.42
193.51
193.61
193.71
193.8
193.9
193.99
194.09
194.18
194.28
194.37
194.47
194.56
194.65
194.75
194.84
194.94
195.03
195.12
195.22
195.31
195.4
195.5
195.59
195.68
195.77
195.87
195.96
196.05
196.14
196.23
196.32
196.42
196.51
196.6
196.69
196.78
196.87
196.96
197.05
197.14
197.23
197.32
197.41
197.5
197.59
197.68
197.77
197.86
197.94
198.03
198.12
198.21
198.3
198.39
198.47
198.56
198.65
198.74
198.82
198.91
199
199.09
199.17
199.26
199.35
199.43
199.52
199.6
199.69
199.78
199.86
199.95
200.03
200.12
200.2
200.29
200.37
200.46
200.54
200.63
200.71
200.8
200.88
200.96
201.05
201.13
201.21
201.3
201.38
201.46
201.55
201.63
201.71
201.79
201.88
201.96
202.04
202.12
202.2
202.29
202.37
202.45
202.53
202.61
202.69
202.77
202.85
202.93
203.02
203.1
203.18
203.26
203.34
203.42
203.5
203.57
203.65
203.73
203.81
203.89
203.97
204.05
204.13
204.21
204.28
204.36
204.44
204.52
204.6
204.67
204.75
204.83
204.91
204.98
205.06
205.14
205.21
205.29
205.37
205.44
205.52
205.6
205.67
205.75
205.82
205.9
205.97
206.05
206.13
206.2
206.28
206.35
206.43
206.5
206.57
206.65
206.72
206.8
206.87
206.94
207.02
207.09
207.17
207.24
207.31
207.39
207.46
207.53
207.6
207.68
207.75
207.82
207.89
207.97
208.04
208.11
208.18
208.25
208.32
208.4
208.47
208.54
208.61
208.68
208.75
208.82
208.89
208.96
209.03
209.1
209.17
209.24
209.31
209.38
209.45
209.52
209.59
209.66
209.73
209.8
209.87
209.94
210.01
210.07
210.14
210.21
210.28
210.35
210.42
210.48
210.55
210.62
210.69
210.75
210.82
210.89
210.96
211.02
211.09
211.16
211.22
211.29
211.36
211.42
211.49
211.55
211.62
211.69
211.75
211.82
211.88
211.95
212.01
212.08
212.14
212.21
212.27
212.34
212.4
212.47
212.53
212.59
212.66
212.72
212.79
212.85
212.91
212.98
213.04
213.1
213.17
213.23
213.29
213.36
213.42
213.48
213.55
213.61
213.67
213.73
213.79
213.86
213.92
213.98
214.04
214.1
214.17
214.23
214.29
214.35
214.41
214.47
214.53
214.59
214.65
214.71
214.78
214.84
214.9
214.96
215.02
215.08
215.14
215.2
215.26
215.31
215.37
215.43
215.49
215.55
215.61
215.67
215.73
215.79
215.85
215.9
215.96
216.02
216.08
216.14
216.2
216.25
216.31
216.37
216.43
216.48
216.54
216.6
216.66
216.71
216.77
216.83
216.88
216.94
217
217.05
217.11
217.17
217.22
217.28
217.34
217.39
217.45
217.5
217.56
217.61
217.67
217.73
217.78
217.84
217.89
217.95
218
218.06
218.11
218.16
218.22
218.27
218.33
218.38
218.44
218.49
218.54
218.6
218.65
218.71
218.76
218.81
218.87
218.92
218.97
219.03
219.08
219.13
219.18
219.24
219.29
219.34
219.39
219.45
219.5
219.55
219.6
219.66
219.71
219.76
219.81
219.86
219.91
219.97
220.02
220.07
220.12
220.17
220.22
220.27
220.32
220.37
220.42
220.47
220.53
220.58
220.63
220.68
220.73
220.78
220.83
220.88
220.93
220.98
221.02
221.07
221.12
221.17
221.22
221.27
221.32
221.37
221.42
221.47
221.52
221.56
221.61
221.66
221.71
221.76
221.81
221.85
221.9
221.95
222
222.05
222.09
222.14
222.19
222.24
222.28
222.33
222.38
222.43
222.47
222.52
222.57
222.61
222.66
222.71
222.75
222.8
222.85
222.89
222.94
222.98
223.03
223.08
223.12
223.17
223.21
223.26
223.3
223.35
223.4
223.44
223.49
223.53
223.58
223.62
223.67
223.71
223.76
223.8
223.84
223.89
223.93
223.98
224.02
224.07
224.11
224.15
224.2
224.24
224.29
224.33
224.37
224.42
224.46
224.5
224.55
224.59
224.63
224.68
224.72
224.76
224.81
224.85
224.89
224.93
224.98
225.02
225.06
225.1
225.15
225.19
225.23
225.27
225.31
225.36
225.4
225.44
225.48
225.52
225.57
225.61
225.65
225.69
225.73
225.77
225.81
225.85
225.89
225.94
225.98
226.02
226.06
226.1
226.14
226.18
226.22
226.26
226.3
226.34
226.38
226.42
226.46
226.5
226.54
226.58
226.62
226.66
226.7
226.74
226.78
226.82
226.86
226.89
226.93
226.97
227.01
227.05
227.09
227.13
227.17
227.21
227.24
227.28
227.32
227.36
227.4
227.44
227.47
227.51
227.55
227.59
227.63
227.66
227.7
227.74
227.78
227.81
227.85
227.89
227.93
227.96
228
228.04
228.07
228.11
228.15
228.19
228.22
228.26
228.3
228.33
228.37
228.4
228.44
228.48
228.51
228.55
228.59
228.62
228.66
228.69
228.73
228.77
228.8
228.84
228.87
228.91
228.94
228.98
229.01
229.05
229.08
229.12
229.16
229.19
229.23
229.26
229.29
229.33
229.36
229.4
229.43
229.47
229.5
229.54
229.57
229.61
229.64
229.67
229.71
229.74
229.78
229.81
229.84
229.88
229.91
229.95
229.98
230.01
230.05
230.08
230.11
230.15
230.18
230.21
230.25
230.28
230.31
230.34
230.38
230.41
230.44
230.48
230.51
230.54
230.57
230.61
230.64
230.67
230.7
230.74
230.77
230.8
230.83
230.86
230.9
230.93
230.96
230.99
231.02
231.05
231.09
231.12
231.15
231.18
231.21
231.24
231.27
231.31
231.34
231.37
231.4
231.43
231.46
231.49
231.52
231.55
231.58
231.61
231.65
231.68
