0
8.235e-06
6.5112e-05
0.00021722
0.00050903
0.000983
0.0016797
0.0026379
0.0038948
0.0054857
0.0074446
0.0098041
0.012595
0.015848
0.019591
0.023851
0.028654
0.034027
0.039992
0.046574
0.053794
0.061673
0.070232
0.079491
0.089467
0.10018
0.11165
0.12388
0.13691
0.15073
0.16537
0.18084
0.19715
0.21432
0.23236
0.25127
0.27108
0.29179
0.31342
0.33596
0.35944
0.38386
0.40923
0.43555
0.46285
0.49111
0.52036
0.55059
0.58181
0.61404
0.64727
0.68151
0.71677
0.75305
0.79035
0.82869
0.86806
0.90846
0.94991
0.99241
1.0359
1.0805
1.1262
1.1729
1.2207
1.2695
1.3194
1.3703
1.4223
1.4754
1.5296
1.5848
1.6411
1.6985
1.7569
1.8164
1.877
1.9387
2.0014
2.0652
2.1301
2.196
2.2631
2.3312
2.4003
2.4705
2.5419
2.6142
2.6877
2.7622
2.8377
2.9144
2.992
3.0708
3.1506
3.2315
3.3134
3.3964
3.4804
3.5654
3.6516
3.7387
3.8269
3.9162
4.0064
4.0977
4.1901
4.2834
4.3778
4.4733
4.5697
4.6672
4.7656
4.8651
4.9656
5.0671
5.1696
5.2731
5.3776
5.4831
5.5896
5.697
5.8055
5.9149
6.0253
6.1367
6.249
6.3624
6.4766
6.5919
6.708
6.8252
6.9433
7.0623
7.1823
7.3032
7.425
7.5478
7.6715
7.7961
7.9216
8.0481
8.1754
8.3037
8.4329
8.5629
8.6939
8.8257
8.9585
9.0921
9.2266
9.3619
9.4982
9.6353
9.7732
9.912
10.052
10.192
10.334
10.476
10.619
10.763
10.907
11.053
11.199
11.346
11.494
11.643
11.793
11.943
12.094
12.246
12.399
12.553
12.707
12.862
13.018
13.174
13.332
13.49
13.649
13.808
13.969
14.13
14.292
14.454
14.618
14.782
14.947
15.112
15.278
15.445
15.613
15.781
15.95
16.12
16.29
16.461
16.633
16.805
16.978
17.152
17.326
17.501
17.677
17.853
18.03
18.208
18.386
18.565
18.744
18.924
19.105
19.287
19.468
19.651
19.834
20.018
20.202
20.387
20.573
20.759
20.946
21.133
21.321
21.509
21.698
21.888
22.078
22.268
22.459
22.651
22.843
23.036
23.23
23.423
23.618
23.813
24.008
24.204
24.4
24.597
24.795
24.993
25.191
25.39
25.589
25.789
25.989
26.19
26.391
26.593
26.795
26.998
27.201
27.405
27.609
27.813
28.018
28.223
28.429
28.635
28.842
29.049
29.256
29.464
29.672
29.881
30.09
30.3
30.509
30.72
30.93
31.141
31.353
31.565
31.777
31.989
32.202
32.416
32.629
32.843
33.058
33.272
33.487
33.703
33.918
34.135
34.351
34.568
34.785
35.002
35.22
35.438
35.656
35.875
36.094
36.313
36.533
36.753
36.973
37.193
37.414
37.635
37.856
38.078
38.3
38.522
38.744
38.967
39.19
39.413
39.637
39.861
40.085
40.309
40.533
40.758
40.983
41.208
41.434
41.659
41.885
42.112
42.338
42.564
42.791
43.018
43.246
43.473
43.701
43.929
44.157
44.385
44.613
44.842
45.071
45.3
45.529
45.759
45.988
46.218
46.448
46.678
46.908
47.139
47.369
47.6
47.831
48.062
48.293
48.525
48.756
48.988
49.22
49.452
49.684
49.916
50.149
50.381
50.614
50.847
51.079
51.312
51.546
51.779
52.012
52.246
52.479
52.713
52.947
53.181
53.415
53.649
53.883
54.117
54.352
54.586
54.821
55.056
55.29
55.525
55.76
55.995
56.23
56.465
56.701
56.936
57.171
57.407
57.642
57.878
58.113
58.349
58.585
58.82
59.056
59.292
59.528
59.764
60
60.236
60.472
60.708
60.944
61.18
61.416
61.653
61.889
62.125
62.362
62.598
62.834
63.071
63.307
63.543
63.78
64.016
64.252
64.489
64.725
64.962
65.198
65.435
65.671
65.907
66.144
66.38
66.617
66.853
67.089
67.326
67.562
67.798
68.035
68.271
68.507
68.743
68.98
69.216
69.452
69.688
69.924
70.16
70.396
70.632
70.868
71.104
71.34
71.575
71.811
72.047
72.283
72.518
72.754
72.989
73.225
73.46
73.695
73.931
74.166
74.401
74.636
74.871
75.106
75.341
75.576
75.811
76.045
76.28
76.515
76.749
76.983
77.218
77.452
77.686
77.92
78.154
78.388
78.622
78.856
79.089
79.323
79.556
79.79
80.023
80.256
80.489
80.722
80.955
81.188
81.421
81.653
81.886
82.118
82.35
82.583
82.815
83.047
83.279
83.51
83.742
83.973
84.205
84.436
84.667
84.898
85.129
85.36
85.591
85.821
86.052
86.282
86.512
86.743
86.972
87.202
87.432
87.662
87.891
88.12
88.35
88.579
88.807
89.036
89.265
89.493
89.722
89.95
90.178
90.406
90.634
90.861
91.089
91.316
91.544
91.771
91.998
92.224
92.451
92.677
92.904
93.13
93.356
93.582
93.808
94.033
94.259
94.484
94.709
94.934
95.159
95.383
95.608
95.832
96.056
96.28
96.504
96.728
96.951
97.174
97.398
97.621
97.843
98.066
98.288
98.511
98.733
98.955
99.177
99.398
99.62
99.841
100.06
100.28
100.5
100.72
100.94
101.16
101.38
101.6
101.82
102.04
102.26
102.48
102.7
102.92
103.14
103.36
103.58
103.79
104.01
104.23
104.45
104.66
104.88
105.1
105.31
105.53
105.75
105.96
106.18
106.4
106.61
106.83
107.04
107.26
107.47
107.69
107.9
108.11
108.33
108.54
108.76
108.97
109.18
109.4
109.61
109.82
110.03
110.25
110.46
110.67
110.88
111.09
111.3
111.51
111.73
111.94
112.15
112.36
112.57
112.78
112.99
113.2
113.4
113.61
113.82
114.03
114.24
114.45
114.65
114.86
115.07
115.28
115.48
115.69
115.9
116.1
116.31
116.52
116.72
116.93
117.13
117.34
117.54
117.75
117.95
118.16
118.36
118.56
118.77
118.97
119.17
119.38
119.58
119.78
119.99
120.19
120.39
120.59
120.79
120.99
121.2
121.4
121.6
121.8
122
122.2
122.4
122.6
122.8
122.99
123.19
123.39
123.59
123.79
123.99
124.18
124.38
124.58
124.78
124.97
125.17
125.37
125.56
125.76
125.95
126.15
126.34
126.54
126.73
126.93
127.12
127.32
127.51
127.7
127.9
128.09
128.28
128.48
128.67
128.86
129.05
129.25
129.44
129.63
129.82
130.01
130.2
130.39
130.58
130.77
130.96
131.15
131.34
131.53
131.72
131.91
132.1
132.28
132.47
132.66
132.85
133.04
133.22
133.41
133.6
133.78
133.97
134.15
134.34
134.53
134.71
134.9
135.08
135.26
135.45
135.63
135.82
136
136.18
136.37
136.55
136.73
136.92
137.1
137.28
137.46
137.64
137.82
138.01
138.19
138.37
138.55
138.73
138.91
139.09
139.27
139.45
139.62
139.8
139.98
140.16
140.34
140.52
140.69
140.87
141.05
141.23
141.4
141.58
141.75
141.93
142.11
142.28
142.46
142.63
142.81
142.98
143.16
143.33
143.5
143.68
143.85
144.02
144.2
144.37
144.54
144.71
144.89
145.06
145.23
145.4
145.57
145.74
145.91
146.08
146.26
146.43
146.59
146.76
146.93
147.1
147.27
147.44
147.61
147.78
147.94
148.11
148.28
148.45
148.61
148.78
148.95
149.11
149.28
149.45
149.61
149.78
149.94
150.11
150.27
150.44
150.6
150.76
150.93
151.09
151.26
151.42
151.58
151.74
151.91
152.07
152.23
152.39
152.55
152.72
152.88
153.04
153.2
153.36
153.52
153.68
153.84
154
154.16
154.32
154.47
154.63
154.79
154.95
155.11
155.27
155.42
155.58
155.74
155.89
156.05
156.21
156.36
156.52
156.67
156.83
156.98
157.14
157.29
157.45
157.6
157.76
157.91
158.06
158.22
158.37
158.52
158.68
158.83
158.98
159.13
159.29
159.44
159.59
159.74
159.89
160.04
160.19
160.34
160.49
160.64
160.79
160.94
161.09
161.24
161.39
161.54
161.69
161.83
161.98
162.13
162.28
162.42
162.57
162.72
162.86
163.01
163.16
163.3
163.45
163.59
163.74
163.88
164.03
164.17
164.32
164.46
164.61
164.75
164.89
165.04
165.18
165.32
165.47
165.61
165.75
165.89
166.03
166.18
166.32
166.46
166.6
166.74
166.88
167.02
167.16
167.3
167.44
167.58
167.72
167.86
168
168.14
168.27
168.41
168.55
168.69
168.83
168.96
169.1
169.24
169.37
169.51
169.65
169.78
169.92
170.05
170.19
170.33
170.46
170.6
170.73
170.86
171
171.13
171.27
171.4
171.53
171.67
171.8
171.93
172.07
172.2
172.33
172.46
172.59
172.73
172.86
172.99
173.12
173.25
173.38
173.51
173.64
173.77
173.9
174.03
174.16
174.29
174.42
174.55
174.67
174.8
174.93
175.06
175.19
175.31
175.44
175.57
175.69
175.82
175.95
176.07
176.2
176.33
176.45
176.58
176.7
176.83
176.95
177.08
177.2
177.33
177.45
177.57
177.7
177.82
177.94
178.07
178.19
178.31
178.44
178.56
178.68
178.8
178.92
179.05
179.17
179.29
179.41
179.53
179.65
179.77
179.89
180.01
180.13
180.25
180.37
180.49
180.61
180.73
180.85
180.96
181.08
181.2
181.32
181.44
181.55
181.67
181.79
181.91
182.02
182.14
182.26
182.37
182.49
182.6
182.72
182.83
182.95
183.06
183.18
183.29
183.41
183.52
183.64
183.75
183.87
183.98
184.09
184.21
184.32
184.43
184.54
184.66
184.77
184.88
184.99
185.1
185.22
185.33
185.44
185.55
185.66
185.77
185.88
185.99
186.1
186.21
186.32
186.43
186.54
186.65
186.76
186.87
186.98
187.09
187.19
187.3
187.41
187.52
187.63
187.73
187.84
187.95
188.05
188.16
188.27
188.37
188.48
188.59
188.69
188.8
188.9
189.01
189.11
189.22
189.32
189.43
189.53
189.64
189.74
189.84
189.95
190.05
190.16
190.26
190.36
190.46
190.57
190.67
190.77
190.87
190.98
191.08
191.18
191.28
191.38
191.48
191.59
191.69
191.79
191.89
191.99
192.09
192.19
192.29
192.39
192.49
192.59
192.69
192.78
192.88
192.98
193.08
193.18
193.28
193.38
193.47
193.57
193.67
193.77
193.86
193.96
194.06
194.15
194.25
194.35
194.44
194.54
194.63
194.73
194.83
194.92
195.02
195.11
195.21
195.3
195.4
195.49
195.58
195.68
195.77
195.87
195.96
196.05
196.15
196.24
196.33
196.43
196.52
196.61
196.7
196.8
196.89
196.98
197.07
197.16
197.25
197.35
197.44
197.53
197.62
197.71
197.8
197.89
197.98
198.07
198.16
198.25
198.34
198.43
198.52
198.61
198.7
198.79
198.87
198.96
199.05
199.14
199.23
199.32
199.4
199.49
199.58
199.67
199.75
199.84
199.93
200.01
200.1
200.19
200.27
200.36
200.45
200.53
200.62
200.7
200.79
200.87
200.96
201.04
201.13
201.21
201.3
201.38
201.47
201.55
201.63
201.72
201.8
201.88
201.97
202.05
202.13
202.22
202.3
202.38
202.47
202.55
202.63
202.71
202.79
202.88
202.96
203.04
203.12
203.2
203.28
203.36
203.44
203.52
203.61
203.69
203.77
203.85
203.93
204.01
204.09
204.17
204.24
204.32
204.4
204.48
204.56
204.64
204.72
204.8
204.87
204.95
205.03
205.11
205.19
205.26
205.34
205.42
205.5
205.57
205.65
205.73
205.8
205.88
205.96
206.03
206.11
206.19
206.26
206.34
206.41
206.49
206.56
206.64
206.71
206.79
206.86
206.94
207.01
207.09
207.16
207.24
207.31
207.38
207.46
207.53
207.61
207.68
207.75
207.82
207.9
207.97
208.04
208.12
208.19
208.26
208.33
208.41
208.48
208.55
208.62
208.69
208.76
208.84
208.91
208.98
209.05
209.12
209.19
209.26
209.33
209.4
209.47
209.54
209.61
209.68
209.75
209.82
209.89
209.96
210.03
210.1
210.17
210.24
210.31
210.37
210.44
210.51
210.58
210.65
210.72
210.78
210.85
210.92
210.99
211.05
211.12
211.19
211.26
211.32
211.39
211.46
211.52
211.59
211.66
211.72
211.79
211.85
211.92
211.99
212.05
212.12
212.18
212.25
212.31
212.38
212.44
212.51
212.57
212.64
212.7
212.77
212.83
212.9
212.96
213.02
213.09
213.15
213.21
213.28
213.34
213.4
213.47
213.53
213.59
213.66
213.72
213.78
213.84
213.91
213.97
214.03
214.09
214.16
214.22
214.28
214.34
214.4
214.46
214.52
214.59
214.65
214.71
214.77
214.83
214.89
214.95
215.01
215.07
215.13
215.19
215.25
215.31
215.37
215.43
215.49
215.55
215.61
215.67
215.73
215.79
215.85
215.9
215.96
216.02
216.08
216.14
216.2
216.26
216.31
216.37
216.43
216.49
216.54
216.6
216.66
216.72
216.77
216.83
216.89
216.95
217
217.06
217.12
217.17
217.23
217.28
217.34
217.4
217.45
217.51
217.56
217.62
217.68
217.73
217.79
217.84
217.9
217.95
218.01
218.06
218.12
218.17
218.23
218.28
218.34
218.39
218.44
218.5
218.55
218.61
218.66
218.71
218.77
218.82
218.87
218.93
218.98
219.03
219.09
219.14
219.19
219.25
219.3
219.35
219.4
219.46
219.51
219.56
219.61
219.67
219.72
219.77
219.82
219.87
219.92
219.98
220.03
220.08
220.13
220.18
220.23
220.28
220.33
220.38
220.43
220.49
220.54
220.59
220.64
220.69
220.74
220.79
220.84
220.89
220.94
220.99
221.04
221.08
221.13
221.18
221.23
221.28
221.33
221.38
221.43
221.48
221.53
221.57
221.62
221.67
221.72
221.77
221.82
221.86
221.91
221.96
222.01
222.05
222.1
222.15
222.2
222.24
222.29
222.34
222.39
222.43
222.48
222.53
222.57
222.62
222.67
222.71
222.76
222.81
222.85
222.9
222.94
222.99
223.04
223.08
223.13
223.17
223.22
223.26
223.31
223.36
223.4
223.45
223.49
223.54
223.58
223.63
223.67
223.72
223.76
223.8
223.85
223.89
223.94
223.98
224.03
224.07
224.11
224.16
224.2
224.24
224.29
224.33
224.38
224.42
224.46
224.51
224.55
224.59
224.63
224.68
224.72
224.76
224.81
224.85
224.89
224.93
224.98
225.02
225.06
225.1
225.14
225.19
225.23
225.27
225.31
225.35
225.39
225.44
225.48
225.52
225.56
225.6
225.64
225.68
225.72
225.77
225.81
225.85
225.89
225.93
225.97
226.01
226.05
226.09
226.13
226.17
226.21
226.25
226.29
226.33
226.37
226.41
226.45
226.49
226.53
226.57
226.61
226.65
226.69
226.73
226.76
226.8
226.84
226.88
226.92
226.96
227
227.04
227.07
227.11
227.15
227.19
227.23
227.27
227.3
227.34
227.38
227.42
227.46
227.49
227.53
227.57
227.61
227.64
227.68
227.72
227.76
227.79
227.83
227.87
227.9
227.94
227.98
228.01
228.05
228.09
228.12
228.16
228.2
228.23
228.27
228.31
228.34
228.38
228.41
228.45
228.49
228.52
228.56
228.59
228.63
228.66
228.7
228.74
228.77
228.81
228.84
228.88
228.91
228.95
228.98
229.02
229.05
229.09
229.12
229.16
229.19
229.22
229.26
229.29
229.33
229.36
229.4
229.43
229.46
229.5
229.53
229.57
229.6
229.63
229.67
229.7
229.74
229.77
229.8
229.84
229.87
229.9
229.94
229.97
230
230.03
230.07
230.1
230.13
230.17
230.2
230.23
230.26
230.3
230.33
230.36
230.39
230.43
230.46
230.49
230.52
230.55
230.59
230.62
230.65
230.68
230.71
230.75
230.78
230.81
230.84
230.87
230.9
230.94
230.97
231
231.03
231.06
231.09
231.12
231.15
231.18
231.21
231.25
231.28
231.31
231.34
231.37
231.4
231.43
231.46
231.49
231.52
231.55
231.58
231.61
231.64
231.67
231.7
231.73
231.76
231.79
231.82
231.85
231.88
231.91
231.94
231.97
232
232.03
232.06
232.08
232.11
232.14
232.17
232.2
232.23
232.26
232.29
232.32
232.35
232.37
232.4
232.43
232.46
232.49
232.52
232.54
232.57
232.6
232.63
232.66
232.69
232.71
232.74
232.77
232.8
232.83
232.85
232.88
232.91
232.94
232.96
232.99
233.02
233.05
233.07
233.1
233.13
233.16
233.18
233.21
233.24
233.26
233.29
233.32
233.34
233.37
233.4
233.43
233.45
233.48
233.51
233.53
233.56
233.58
233.61
233.64
233.66
233.69
233.72
233.74
233.77
233.79
233.82
233.85
233.87
233.9
233.92
233.95
233.98
234
234.03
234.05
234.08
234.1
234.13
234.15
234.18
234.2
234.23
234.25
234.28
234.3
234.33
234.35
234.38
234.4
234.43
234.45
234.48
234.5
234.53
234.55
234.58
234.6
234.63
234.65
234.68
234.7
234.72
234.75
234.77
234.8
234.82
234.84
234.87
234.89
234.92
234.94
234.96
234.99
235.01
235.04
235.06
235.08
235.11
235.13
235.15
235.18
235.2
235.22
235.25
235.27
235.29
235.32
235.34
235.36
235.39
235.41
235.43
235.45
235.48
235.5
235.52
235.55
235.57
235.59
235.61
235.64
235.66
235.68
235.7
235.73
235.75
235.77
235.79
235.82
235.84
235.86
235.88
235.9
235.93
235.95
235.97
235.99
236.01
236.04
236.06
236.08
236.1
236.12
