0
0.1009
0.20359
0.30807
0.41432
0.52232
0.63208
0.74358
0.8568
0.97174
1.0884
1.2067
1.3267
1.4484
1.5718
1.6968
1.8235
1.9518
2.0817
2.2132
2.3463
2.4811
2.6174
2.7552
2.8947
3.0357
3.1782
3.3222
3.4678
3.6149
3.7635
3.9136
4.0652
4.2182
4.3727
4.5287
4.6861
4.8449
5.0052
5.1669
5.33
5.4945
5.6604
5.8277
5.9963
6.1663
6.3377
6.5104
6.6845
6.8598
7.0365
7.2146
7.3939
7.5745
7.7564
7.9395
8.124
8.3096
8.4966
8.6848
8.8742
9.0649
9.2567
9.4498
9.6441
9.8396
10.036
10.234
10.433
10.633
10.835
11.037
11.241
11.445
11.651
11.858
12.066
12.276
12.486
12.697
12.91
13.123
13.338
13.553
13.77
13.988
14.207
14.426
14.647
14.869
15.092
15.316
15.541
15.766
15.993
16.221
16.45
16.679
16.91
17.142
17.374
17.607
17.842
18.077
18.313
18.55
18.788
19.027
19.267
19.508
19.749
19.992
20.235
20.479
20.724
20.97
21.216
21.464
21.712
21.961
22.211
22.462
22.713
22.966
23.219
23.473
23.727
23.983
24.239
24.496
24.754
25.012
25.271
25.531
25.792
26.053
26.315
26.578
26.842
27.106
27.371
27.636
27.903
28.169
28.437
28.705
28.974
29.244
29.514
29.785
30.057
30.329
30.602
30.875
31.149
31.424
31.7
31.975
32.252
32.529
32.807
33.085
33.364
33.644
33.924
34.204
34.486
34.767
35.05
35.333
35.616
35.9
36.184
36.469
36.755
37.041
37.328
37.615
37.902
38.191
38.479
38.768
39.058
39.348
39.639
39.93
40.221
40.513
40.806
41.099
41.392
41.686
41.98
42.275
42.57
42.866
43.162
43.459
43.756
44.053
44.351
44.649
44.948
45.247
45.546
45.846
46.146
46.447
46.748
47.049
47.351
47.653
47.956
48.259
48.562
48.865
49.169
49.474
49.778
50.084
50.389
50.695
51.001
51.307
51.614
51.921
52.228
52.536
52.844
53.152
53.461
53.77
54.079
54.389
54.699
55.009
55.319
55.63
55.941
56.252
56.564
56.876
57.188
57.5
57.813
58.126
58.439
58.752
59.066
59.38
59.694
60.009
60.323
60.638
60.953
61.269
61.584
61.9
62.216
62.533
62.849
63.166
63.483
63.8
64.117
64.435
64.753
65.071
65.389
65.707
66.026
66.344
66.663
66.982
67.302
67.621
67.941
68.261
68.581
68.901
69.221
69.542
69.862
70.183
70.504
70.825
71.146
71.468
71.789
72.111
72.433
72.755
73.077
73.399
73.722
74.044
74.367
74.689
75.012
75.335
75.658
75.982
76.305
76.628
76.952
77.276
77.6
77.923
78.247
78.571
78.896
79.22
79.544
79.869
80.193
80.518
80.843
81.167
81.492
81.817
82.142
82.467
82.793
83.118
83.443
83.769
84.094
84.419
84.745
85.071
85.396
85.722
86.048
86.374
86.7
87.026
87.351
87.678
88.004
88.33
88.656
88.982
89.308
89.634
89.961
90.287
90.613
90.94
91.266
91.592
91.919
92.245
92.572
92.898
93.225
93.551
93.878
94.204
94.531
94.857
95.184
95.51
95.837
96.163
96.49
96.816
97.143
97.469
97.796
98.122
98.449
98.775
99.102
99.428
99.755
100.08
100.41
100.73
101.06
101.39
101.71
102.04
102.37
102.69
103.02
103.34
103.67
104
104.32
104.65
104.97
105.3
105.63
105.95
106.28
106.6
106.93
107.25
107.58
107.91
108.23
108.56
108.88
109.21
109.53
109.86
110.18
110.51
110.83
111.16
111.48
111.81
112.13
112.46
112.78
113.11
113.43
113.76
114.08
114.4
114.73
115.05
115.38
115.7
116.02
116.35
116.67
116.99
117.32
117.64
117.97
118.29
118.61
118.93
119.26
119.58
119.9
120.23
120.55
120.87
121.19
121.52
121.84
122.16
122.48
122.8
123.13
123.45
123.77
124.09
124.41
124.73
125.06
125.38
125.7
126.02
126.34
126.66
126.98
127.3
127.62
127.94
128.26
128.58
128.9
129.22
129.54
129.86
130.18
130.5
130.82
131.14
131.46
131.77
132.09
132.41
132.73
133.05
133.37
133.68
134
134.32
134.64
134.95
135.27
135.59
135.91
136.22
136.54
136.86
137.17
137.49
137.81
138.12
138.44
138.75
139.07
139.38
139.7
140.01
140.33
140.64
140.96
141.27
141.59
141.9
142.22
142.53
142.84
143.16
143.47
143.79
144.1
144.41
144.72
145.04
145.35
145.66
145.98
146.29
146.6
146.91
147.22
147.53
147.85
148.16
148.47
148.78
149.09
149.4
149.71
150.02
150.33
150.64
150.95
151.26
151.57
151.88
152.19
152.5
152.81
153.11
153.42
153.73
154.04
154.35
154.66
154.96
155.27
155.58
155.88
156.19
156.5
156.8
157.11
157.42
157.72
158.03
158.33
158.64
158.95
159.25
159.56
159.86
160.17
160.47
160.77
161.08
161.38
161.69
161.99
162.29
162.6
162.9
163.2
163.5
163.81
164.11
164.41
164.71
165.01
165.32
165.62
165.92
166.22
166.52
166.82
167.12
167.42
167.72
168.02
168.32
168.62
168.92
169.22
169.52
169.82
170.11
170.41
170.71
171.01
171.31
171.6
171.9
172.2
172.5
172.79
173.09
173.39
173.68
173.98
174.27
174.57
174.86
175.16
175.46
175.75
176.04
176.34
176.63
176.93
177.22
177.52
177.81
178.1
178.39
178.69
178.98
179.27
179.57
179.86
180.15
180.44
180.73
181.02
181.31
181.61
181.9
182.19
182.48
182.77
183.06
183.35
183.64
183.93
184.21
184.5
184.79
185.08
185.37
185.66
185.94
186.23
186.52
186.81
187.09
187.38
187.67
187.95
188.24
188.53
188.81
189.1
189.38
189.67
189.95
190.24
190.52
190.81
191.09
191.38
191.66
191.94
192.23
192.51
192.79
193.07
193.36
193.64
193.92
194.2
194.48
194.77
195.05
195.33
195.61
195.89
196.17
196.45
196.73
197.01
197.29
197.57
197.85
198.13
198.41
198.69
198.96
199.24
199.52
199.8
200.07
200.35
200.63
200.91
201.18
201.46
201.74
202.01
202.29
202.56
202.84
203.11
203.39
203.66
203.94
204.21
204.49
204.76
205.03
205.31
205.58
205.85
206.13
206.4
206.67
206.94
207.22
207.49
207.76
208.03
208.3
208.57
208.84
209.11
209.38
209.65
209.92
210.19
210.46
210.73
211
211.27
211.54
211.81
212.08
212.34
212.61
212.88
213.15
213.41
213.68
213.95
214.21
214.48
214.75
215.01
215.28
215.54
215.81
216.07
216.34
216.6
216.87
217.13
217.4
217.66
217.92
218.19
218.45
218.71
218.97
219.24
219.5
219.76
220.02
220.28
220.55
220.81
221.07
221.33
221.59
221.85
222.11
222.37
222.63
222.89
223.15
223.41
223.67
223.92
224.18
224.44
224.7
224.96
225.21
225.47
225.73
225.99
226.24
226.5
226.75
227.01
227.27
227.52
227.78
228.03
228.29
228.54
228.8
229.05
229.31
229.56
229.81
230.07
230.32
230.57
230.83
231.08
231.33
231.58
231.84
232.09
232.34
232.59
232.84
233.09
233.34
233.59
233.84
234.09
234.34
234.59
234.84
235.09
235.34
235.59
235.84
236.09
236.34
236.58
236.83
237.08
237.33
237.57
237.82
238.07
238.31
238.56
238.81
239.05
239.3
239.54
239.79
240.03
240.28
240.52
240.77
241.01
241.25
241.5
241.74
241.99
242.23
242.47
242.71
242.96
243.2
243.44
243.68
243.92
244.17
244.41
244.65
244.89
245.13
245.37
245.61
245.85
246.09
246.33
246.57
246.81
247.05
247.29
247.52
247.76
248
248.24
248.48
248.71
248.95
249.19
249.43
249.66
249.9
250.14
250.37
250.61
250.84
251.08
251.31
251.55
251.78
252.02
252.25
252.49
252.72
252.95
253.19
253.42
253.65
253.89
254.12
254.35
254.58
254.82
255.05
255.28
255.51
255.74
255.97
256.21
256.44
256.67
256.9
257.13
257.36
257.59
257.82
258.04
258.27
258.5
258.73
258.96
259.19
259.42
259.64
259.87
260.1
260.33
260.55
260.78
261.01
261.23
261.46
261.69
261.91
262.14
262.36
262.59
262.81
263.04
263.26
263.49
263.71
263.93
264.16
264.38
264.6
264.83
265.05
265.27
265.5
265.72
265.94
266.16
266.38
266.61
266.83
267.05
267.27
267.49
267.71
267.93
268.15
268.37
268.59
268.81
269.03
269.25
269.47
269.69
269.91
270.12
270.34
270.56
270.78
271
271.21
271.43
271.65
271.86
272.08
272.3
272.51
272.73
272.95
273.16
273.38
273.59
273.81
274.02
274.24
274.45
274.66
274.88
275.09
275.31
275.52
275.73
275.95
276.16
276.37
276.58
276.8
277.01
277.22
277.43
277.64
277.85
278.07
278.28
278.49
278.7
278.91
279.12
279.33
279.54
279.75
279.96
280.17
280.38
280.58
280.79
281
281.21
281.42
281.63
281.83
282.04
282.25
282.45
282.66
282.87
283.08
283.28
283.49
283.69
283.9
284.1
284.31
284.52
284.72
284.93
285.13
285.33
285.54
285.74
285.95
286.15
286.35
286.56
286.76
286.96
287.17
287.37
287.57
287.77
287.97
288.18
288.38
288.58
288.78
288.98
289.18
289.38
289.58
289.78
289.98
290.18
290.38
290.58
290.78
290.98
291.18
291.38
291.58
291.78
291.97
292.17
292.37
292.57
292.77
292.96
293.16
293.36
293.55
293.75
293.95
294.14
294.34
294.53
294.73
294.93
295.12
295.32
295.51
295.71
295.9
296.09
296.29
296.48
296.68
296.87
297.06
297.26
297.45
297.64
297.84
298.03
298.22
298.41
298.6
298.8
298.99
299.18
299.37
299.56
299.75
299.94
300.13
300.32
300.51
300.7
300.89
301.08
301.27
301.46
301.65
301.84
302.03
302.22
302.41
302.6
302.78
302.97
303.16
303.35
303.53
303.72
303.91
304.1
304.28
304.47
304.65
304.84
305.03
305.21
305.4
305.58
305.77
305.95
306.14
306.32
306.51
306.69
306.88
307.06
307.24
307.43
307.61
307.79
307.98
308.16
308.34
308.53
308.71
308.89
309.07
309.26
309.44
309.62
309.8
309.98
310.16
310.34
310.52
310.7
310.88
311.07
311.25
311.42
311.6
311.78
311.96
312.14
312.32
312.5
312.68
312.86
313.04
313.21
313.39
313.57
313.75
313.93
314.1
314.28
314.46
314.63
314.81
314.99
315.16
315.34
315.52
315.69
315.87
316.04
316.22
316.39
316.57
316.74
316.92
317.09
317.27
317.44
317.61
317.79
317.96
318.13
318.31
318.48
318.65
318.83
319
319.17
319.34
319.52
319.69
319.86
320.03
320.2
320.37
320.55
320.72
320.89
321.06
321.23
321.4
321.57
321.74
321.91
322.08
322.25
322.42
322.59
322.76
322.93
323.09
323.26
323.43
323.6
323.77
323.94
324.1
324.27
324.44
324.61
324.77
324.94
325.11
325.27
325.44
325.61
325.77
325.94
326.1
326.27
326.43
326.6
326.76
326.93
327.09
327.26
327.42
327.59
327.75
327.92
328.08
328.24
328.41
328.57
328.73
328.9
329.06
329.22
329.39
329.55
329.71
329.87
330.04
330.2
330.36
330.52
330.68
330.84
331
331.17
331.33
331.49
331.65
331.81
331.97
332.13
332.29
332.45
332.61
332.77
332.93
333.08
333.24
333.4
333.56
333.72
333.88
334.04
334.19
334.35
334.51
334.67
334.82
334.98
335.14
335.3
335.45
335.61
335.77
335.92
336.08
336.23
336.39
336.55
336.7
336.86
337.01
337.17
337.32
337.48
337.63
337.79
337.94
338.1
338.25
338.4
338.56
338.71
338.86
339.02
339.17
339.32
339.48
339.63
339.78
339.93
340.09
340.24
340.39
340.54
340.69
340.85
341
341.15
341.3
341.45
341.6
341.75
341.9
342.05
342.2
342.35
342.5
342.65
342.8
342.95
343.1
343.25
343.4
343.55
343.7
343.85
344
344.14
344.29
344.44
344.59
344.74
344.88
345.03
345.18
345.33
345.47
345.62
345.77
345.91
346.06
346.21
346.35
346.5
346.64
346.79
346.94
347.08
347.23
347.37
347.52
347.66
347.81
347.95
348.1
348.24
348.38
348.53
348.67
348.82
348.96
349.1
349.25
349.39
349.53
349.68
349.82
349.96
350.1
350.25
350.39
350.53
350.67
350.81
350.96
351.1
351.24
351.38
351.52
351.66
351.8
351.94
352.09
352.23
352.37
352.51
352.65
352.79
352.93
353.07
353.21
353.34
353.48
353.62
353.76
353.9
354.04
354.18
354.32
354.46
354.59
354.73
354.87
355.01
355.14
355.28
355.42
355.56
355.69
355.83
355.97
356.1
356.24
356.38
356.51
356.65
356.79
356.92
357.06
357.19
357.33
357.46
357.6
357.73
357.87
358
358.14
358.27
358.41
358.54
358.68
358.81
358.94
359.08
359.21
359.35
359.48
359.61
359.75
359.88
360.01
360.14
360.28
360.41
360.54
360.67
360.81
360.94
361.07
361.2
361.33
361.46
361.6
361.73
361.86
361.99
362.12
362.25
362.38
362.51
362.64
362.77
362.9
363.03
363.16
363.29
363.42
363.55
363.68
363.81
363.94
364.07
364.19
364.32
364.45
364.58
364.71
364.84
364.96
365.09
365.22
365.35
365.48
365.6
365.73
365.86
365.98
366.11
366.24
366.36
366.49
366.62
366.74
366.87
367
367.12
367.25
367.37
367.5
367.62
367.75
367.87
368
368.12
368.25
368.37
368.5
368.62
368.75
368.87
369
369.12
369.24
369.37
369.49
369.61
369.74
369.86
369.98
370.11
370.23
370.35
370.47
370.6
370.72
370.84
370.96
371.09
371.21
371.33
371.45
371.57
371.69
371.82
371.94
372.06
372.18
372.3
372.42
372.54
372.66
372.78
372.9
373.02
373.14
373.26
373.38
373.5
373.62
373.74
373.86
373.98
374.1
374.22
374.34
374.45
374.57
374.69
374.81
374.93
375.05
375.16
375.28
375.4
375.52
375.63
375.75
375.87
375.99
376.1
376.22
376.34
376.45
376.57
376.69
376.8
376.92
377.04
377.15
377.27
377.38
377.5
377.61
377.73
377.85
377.96
378.08
378.19
378.31
378.42
378.53
378.65
378.76
378.88
378.99
379.11
379.22
379.33
379.45
379.56
379.68
379.79
379.9
380.02
380.13
380.24
380.35
380.47
380.58
380.69
380.8
380.92
381.03
381.14
381.25
381.36
381.48
381.59
381.7
381.81
381.92
382.03
382.14
382.26
382.37
382.48
382.59
382.7
382.81
382.92
383.03
383.14
383.25
383.36
383.47
383.58
383.69
383.8
383.91
384.02
384.13
384.24
384.34
384.45
384.56
384.67
384.78
384.89
385
385.1
385.21
385.32
385.43
385.54
385.64
385.75
385.86
385.97
386.07
386.18
386.29
386.39
386.5
386.61
386.71
386.82
386.93
387.03
387.14
387.24
387.35
387.46
387.56
387.67
387.77
387.88
387.98
388.09
388.19
388.3
388.4
388.51
388.61
388.72
388.82
388.93
389.03
389.14
389.24
389.34
389.45
389.55
389.66
389.76
389.86
389.97
390.07
390.17
390.28
390.38
390.48
390.58
390.69
390.79
390.89
390.99
391.1
391.2
391.3
391.4
391.5
391.61
391.71
391.81
391.91
392.01
392.11
392.21
392.32
392.42
392.52
392.62
392.72
392.82
392.92
393.02
393.12
393.22
393.32
393.42
393.52
393.62
393.72
393.82
393.92
394.02
394.12
394.22
394.32
394.41
394.51
394.61
394.71
394.81
394.91
395.01
395.1
395.2
395.3
395.4
395.5
395.59
395.69
395.79
395.89
395.98
396.08
396.18
396.28
396.37
396.47
396.57
396.66
396.76
396.86
396.95
397.05
397.15
397.24
397.34
397.43
397.53
397.63
397.72
397.82
397.91
398.01
398.1
398.2
398.29
398.39
398.48
398.58
398.67
398.77
398.86
398.96
399.05
399.15
399.24
399.33
399.43
399.52
399.62
399.71
399.8
399.9
399.99
400.08
400.18
400.27
400.36
400.46
400.55
400.64
400.73
400.83
400.92
401.01
401.1
401.2
401.29
401.38
401.47
401.56
401.66
401.75
401.84
401.93
402.02
402.11
402.21
402.3
402.39
402.48
402.57
402.66
402.75
402.84
402.93
403.02
403.11
403.2
403.29
403.38
403.47
403.56
403.65
403.74
403.83
403.92
404.01
404.1
404.19
404.28
404.37
404.46
404.55
404.63
404.72
404.81
404.9
404.99
405.08
405.17
405.25
405.34
405.43
405.52
405.61
405.69
405.78
405.87
405.96
406.04
406.13
406.22
406.31
406.39
406.48
406.57
406.65
406.74
406.83
406.91
407
407.09
407.17
407.26
407.35
407.43
407.52
407.6
407.69
407.77
407.86
407.95
408.03
408.12
408.2
408.29
408.37
408.46
408.54
408.63
408.71
408.8
408.88
408.97
409.05
409.13
409.22
409.3
409.39
409.47
409.56
409.64
409.72
409.81
409.89
409.97
410.06
410.14
410.22
410.31
410.39
410.47
410.56
410.64
410.72
410.8
410.89
410.97
411.05
411.13
411.22
411.3
411.38
411.46
411.55
411.63
411.71
411.79
411.87
411.95
412.04
