0
0.099712
0.19885
0.29741
0.3954
0.49283
0.58969
0.68598
0.78172
0.8769
0.97152
1.0656
1.1591
1.2521
1.3445
1.4364
1.5277
1.6185
1.7088
1.7985
1.8877
1.9763
2.0645
2.1521
2.2392
2.3257
2.4118
2.4973
2.5823
2.6668
2.7508
2.8343
2.9173
2.9997
3.0817
3.1632
3.2441
3.3246
3.4046
3.4841
3.5631
3.6416
3.7197
3.7972
3.8743
3.9509
4.027
4.1026
4.1778
4.2525
4.3267
4.4005
4.4738
4.5466
4.619
4.6909
4.7624
4.8334
4.904
4.9741
5.0438
5.113
5.1817
5.2501
5.318
5.3854
5.4524
5.519
5.5851
5.6508
5.7161
5.781
5.8454
5.9094
5.973
6.0362
6.0989
6.1613
6.2232
6.2847
6.3458
6.4065
6.4667
6.5266
6.5861
6.6452
6.7038
6.7621
6.82
6.8775
6.9345
6.9912
7.0475
7.1035
7.159
7.2141
7.2689
7.3233
7.3773
7.4309
7.4842
7.5371
7.5896
7.6417
7.6935
7.7449
7.7959
7.8466
7.8969
7.9468
7.9964
8.0456
8.0945
8.143
8.1912
8.239
8.2865
8.3336
8.3804
8.4268
8.4729
8.5186
8.564
8.6091
8.6538
8.6982
8.7423
8.786
8.8294
8.8724
8.9152
8.9576
8.9997
9.0414
9.0828
9.124
9.1648
9.2052
9.2454
9.2853
9.3248
9.364
9.4029
9.4415
9.4798
9.5178
9.5555
9.5929
9.63
9.6667
9.7032
9.7394
9.7753
9.8109
9.8462
9.8812
9.9159
9.9503
9.9845
10.018
10.052
10.085
10.118
10.151
10.183
10.215
10.247
10.279
10.31
10.341
10.372
10.403
10.433
10.463
10.493
10.522
10.551
10.58
10.609
10.637
10.665
10.693
10.721
10.748
10.775
10.802
10.829
10.855
10.881
10.907
10.933
10.958
10.983
11.008
11.033
11.057
11.081
11.105
11.129
11.152
11.175
11.198
11.221
11.244
11.266
11.288
11.31
11.331
11.353
11.374
11.395
11.415
11.436
11.456
11.476
11.496
11.515
11.535
11.554
11.573
11.592
11.61
11.628
11.647
11.664
11.682
11.7
11.717
11.734
11.751
11.767
11.784
11.8
11.816
11.832
11.848
11.863
11.878
11.893
11.908
11.923
11.937
11.952
11.966
11.98
11.993
12.007
12.02
12.034
12.047
12.059
12.072
12.084
12.097
12.109
12.121
12.132
12.144
12.155
12.166
12.177
12.188
12.199
12.209
12.22
12.23
12.24
12.25
12.259
12.269
12.278
12.287
12.296
12.305
12.314
12.322
12.331
12.339
12.347
12.355
12.363
12.37
12.378
12.385
12.392
12.399
12.406
12.412
12.419
12.425
12.432
12.438
12.443
12.449
12.455
12.46
12.466
12.471
12.476
12.481
12.486
12.49
12.495
12.499
12.503
12.507
12.511
12.515
12.519
12.522
12.526
12.529
12.532
12.535
12.538
12.541
12.543
12.546
12.548
12.551
12.553
12.555
12.557
12.558
12.56
12.561
12.563
12.564
12.565
12.566
12.567
12.568
12.569
12.569
12.57
12.57
12.57
12.57
12.57
12.57
12.57
12.569
12.569
12.568
12.568
12.567
12.566
12.565
12.564
12.563
12.561
12.56
12.558
12.557
12.555
12.553
12.551
12.549
12.547
12.545
12.542
12.54
12.537
12.535
12.532
12.529
12.526
12.523
12.52
12.517
12.514
12.51
12.507
12.503
12.5
12.496
12.492
12.488
12.484
12.48
12.476
12.471
12.467
12.462
12.458
12.453
12.449
12.444
12.439
12.434
12.429
12.424
12.418
12.413
12.408
12.402
12.397
12.391
12.385
12.38
12.374
12.368
12.362
12.356
12.35
12.343
12.337
12.331
12.324
12.318
12.311
12.305
12.298
12.291
12.284
12.277
12.27
12.263
12.256
12.249
12.241
12.234
12.227
12.219
12.212
12.204
12.196
12.189
12.181
12.173
12.165
12.157
12.149
12.141
12.132
12.124
12.116
12.108
12.099
12.091
12.082
12.073
12.065
12.056
12.047
12.038
12.03
12.021
12.012
12.003
11.993
11.984
11.975
11.966
11.956
11.947
11.938
11.928
11.919
11.909
11.899
11.89
11.88
11.87
11.86
11.851
11.841
11.831
11.821
11.81
11.8
11.79
11.78
11.77
11.759
11.749
11.739
11.728
11.718
11.707
11.697
11.686
11.675
11.665
11.654
11.643
11.632
11.622
11.611
11.6
11.589
11.578
11.567
11.555
11.544
11.533
11.522
11.511
11.499
11.488
11.477
11.465
11.454
11.442
11.431
11.419
11.408
11.396
11.385
11.373
11.361
11.349
11.338
11.326
11.314
11.302
11.29
11.278
11.266
11.254
11.242
11.23
11.218
11.206
11.194
11.182
11.169
11.157
11.145
11.133
11.12
11.108
11.096
11.083
11.071
11.058
11.046
11.033
11.021
11.008
10.996
10.983
10.97
10.958
10.945
10.932
10.92
10.907
10.894
10.881
10.869
10.856
10.843
10.83
10.817
10.804
10.791
10.778
10.765
10.752
10.739
10.726
10.713
10.7
10.687
10.674
10.661
10.648
10.634
10.621
10.608
10.595
10.581
10.568
10.555
10.542
10.528
10.515
10.502
10.488
10.475
10.461
10.448
10.435
10.421
10.408
10.394
10.381
10.367
10.354
10.34
10.327
10.313
10.3
10.286
10.272
10.259
10.245
10.232
10.218
10.204
10.191
10.177
10.163
10.15
10.136
10.122
10.109
10.095
10.081
10.067
10.054
10.04
10.026
10.012
9.9985
9.9847
9.9709
9.957
9.9432
9.9294
9.9155
9.9017
9.8878
9.874
9.8601
9.8462
9.8323
9.8185
9.8046
9.7907
9.7767
9.7628
9.7489
9.735
9.7211
9.7071
9.6932
9.6792
9.6653
9.6513
9.6374
9.6234
9.6094
9.5955
9.5815
9.5675
9.5535
9.5396
9.5256
9.5116
9.4976
9.4836
9.4696
9.4556
9.4416
9.4276
9.4136
9.3996
9.3855
9.3715
9.3575
9.3435
9.3295
9.3155
9.3014
9.2874
9.2734
9.2594
9.2454
9.2313
9.2173
9.2033
9.1893
9.1753
9.1612
9.1472
9.1332
9.1192
9.1052
9.0911
9.0771
9.0631
9.0491
9.0351
9.0211
9.0071
8.9931
8.9791
8.9651
8.9511
8.9371
8.9231
8.9091
8.8951
8.8811
8.8671
8.8531
8.8391
8.8252
8.8112
8.7972
8.7833
8.7693
8.7554
8.7414
8.7274
8.7135
8.6996
8.6856
8.6717
8.6578
8.6438
8.6299
8.616
8.6021
8.5882
8.5743
8.5604
8.5465
8.5326
8.5187
8.5049
8.491
8.4771
8.4633
8.4494
8.4356
8.4218
8.4079
8.3941
8.3803
8.3665
8.3527
8.3389
8.3251
8.3113
8.2975
8.2837
8.27
8.2562
8.2425
8.2287
8.215
8.2013
8.1875
8.1738
8.1601
8.1464
8.1327
8.1191
8.1054
8.0917
8.0781
8.0644
8.0508
8.0371
8.0235
8.0099
7.9963
7.9827
7.9691
7.9555
7.942
7.9284
7.9149
7.9013
7.8878
7.8743
7.8607
7.8472
7.8337
7.8202
7.8068
7.7933
7.7798
7.7664
7.753
7.7395
7.7261
7.7127
7.6993
7.6859
7.6725
7.6592
7.6458
7.6325
7.6191
7.6058
7.5925
7.5792
7.5659
7.5526
7.5393
7.5261
7.5128
7.4996
7.4864
7.4731
7.4599
7.4467
7.4336
7.4204
7.4072
7.3941
7.3809
7.3678
7.3547
7.3416
7.3285
7.3154
7.3024
7.2893
7.2763
7.2632
7.2502
7.2372
7.2242
7.2112
7.1983
7.1853
7.1724
7.1594
7.1465
7.1336
7.1207
7.1078
7.0949
7.0821
7.0692
7.0564
7.0436
7.0308
7.018
7.0052
6.9924
6.9797
6.9669
6.9542
6.9415
6.9288
6.9161
6.9034
6.8907
6.8781
6.8655
6.8528
6.8402
6.8276
6.815
6.8025
6.7899
6.7774
6.7648
6.7523
6.7398
6.7273
6.7148
6.7024
6.6899
6.6775
6.6651
6.6527
6.6403
6.6279
6.6155
6.6032
6.5908
6.5785
6.5662
6.5539
6.5416
6.5294
6.5171
6.5049
6.4926
6.4804
6.4682
6.4561
6.4439
6.4317
6.4196
6.4075
6.3954
6.3833
6.3712
6.3591
6.3471
6.335
6.323
6.311
6.299
6.287
6.2751
6.2631
6.2512
6.2393
6.2274
6.2155
6.2036
6.1917
6.1799
6.1681
6.1563
6.1445
6.1327
6.1209
6.1091
6.0974
6.0857
6.074
6.0623
6.0506
6.0389
6.0273
6.0156
6.004
5.9924
5.9808
5.9693
5.9577
5.9462
5.9346
5.9231
5.9116
5.9001
5.8887
5.8772
5.8658
5.8543
5.8429
5.8316
5.8202
5.8088
5.7975
5.7861
5.7748
5.7635
5.7522
5.741
5.7297
5.7185
5.7073
5.6961
5.6849
5.6737
5.6625
5.6514
5.6403
5.6291
5.6181
5.607
5.5959
5.5849
5.5738
5.5628
5.5518
5.5408
5.5298
5.5189
5.5079
5.497
5.4861
5.4752
5.4643
5.4535
5.4426
5.4318
5.421
5.4102
5.3994
5.3886
5.3779
5.3671
5.3564
5.3457
5.335
5.3243
5.3137
5.303
5.2924
5.2818
5.2712
5.2606
5.2501
5.2395
5.229
5.2185
5.208
5.1975
5.187
5.1766
5.1661
5.1557
5.1453
5.1349
5.1245
5.1142
5.1038
5.0935
5.0832
5.0729
5.0626
5.0523
5.0421
5.0319
5.0216
5.0114
5.0013
4.9911
4.9809
4.9708
4.9607
4.9506
4.9405
4.9304
4.9203
4.9103
4.9003
4.8903
4.8803
4.8703
4.8603
4.8504
4.8404
4.8305
4.8206
4.8107
4.8009
4.791
4.7812
4.7713
4.7615
4.7517
4.742
4.7322
4.7225
4.7127
4.703
4.6933
4.6836
4.674
4.6643
4.6547
4.6451
4.6355
4.6259
4.6163
4.6067
4.5972
4.5877
4.5782
4.5687
4.5592
4.5497
4.5403
4.5309
4.5214
4.512
4.5027
4.4933
4.4839
4.4746
4.4653
4.456
4.4467
4.4374
4.4281
4.4189
4.4097
4.4005
4.3913
4.3821
4.3729
4.3638
4.3546
4.3455
4.3364
4.3273
4.3182
4.3092
4.3001
4.2911
4.2821
4.2731
4.2641
4.2551
4.2462
4.2372
4.2283
4.2194
4.2105
4.2017
4.1928
4.1839
4.1751
4.1663
4.1575
4.1487
4.14
4.1312
4.1225
4.1137
4.105
4.0963
4.0877
4.079
4.0704
4.0617
4.0531
4.0445
4.0359
4.0273
4.0188
4.0102
4.0017
3.9932
3.9847
3.9762
3.9678
3.9593
3.9509
3.9424
3.934
3.9257
3.9173
3.9089
3.9006
3.8922
3.8839
3.8756
3.8673
3.8591
3.8508
3.8426
3.8343
3.8261
3.8179
3.8097
3.8016
3.7934
3.7853
3.7771
3.769
3.7609
3.7528
3.7448
3.7367
3.7287
3.7207
3.7127
3.7047
3.6967
3.6887
3.6808
3.6728
3.6649
3.657
3.6491
3.6412
3.6334
3.6255
3.6177
3.6099
3.6021
3.5943
3.5865
3.5787
3.571
3.5633
3.5555
3.5478
3.5401
3.5325
3.5248
3.5172
3.5095
3.5019
3.4943
3.4867
3.4791
3.4716
3.464
3.4565
3.449
3.4414
3.434
3.4265
3.419
3.4116
3.4041
3.3967
3.3893
3.3819
3.3745
3.3671
3.3598
3.3525
3.3451
3.3378
3.3305
3.3232
3.316
3.3087
3.3015
3.2942
3.287
3.2798
3.2726
3.2655
3.2583
3.2512
3.244
3.2369
3.2298
3.2227
3.2156
3.2086
3.2015
3.1945
3.1874
3.1804
3.1734
3.1665
3.1595
3.1525
3.1456
3.1386
3.1317
3.1248
3.1179
3.1111
3.1042
3.0973
3.0905
3.0837
3.0769
3.0701
3.0633
3.0565
3.0498
3.043
3.0363
3.0296
3.0229
3.0162
3.0095
3.0028
2.9962
2.9895
2.9829
2.9763
2.9697
2.9631
2.9565
2.95
2.9434
2.9369
2.9303
2.9238
2.9173
2.9109
2.9044
2.8979
2.8915
2.885
2.8786
2.8722
2.8658
2.8594
2.8531
2.8467
2.8404
2.834
2.8277
2.8214
2.8151
2.8088
2.8025
2.7963
2.79
2.7838
2.7776
2.7714
2.7652
2.759
2.7528
2.7467
2.7405
2.7344
2.7283
2.7222
2.7161
2.71
2.7039
2.6978
2.6918
2.6858
2.6797
2.6737
2.6677
2.6617
2.6558
2.6498
2.6438
2.6379
2.632
2.6261
2.6202
2.6143
2.6084
2.6025
2.5967
2.5908
2.585
2.5792
2.5734
2.5676
2.5618
2.556
2.5502
2.5445
2.5387
2.533
2.5273
2.5216
2.5159
2.5102
2.5046
2.4989
2.4933
2.4876
2.482
2.4764
2.4708
2.4652
2.4596
2.4541
2.4485
2.443
2.4375
2.4319
2.4264
2.4209
2.4154
2.41
2.4045
2.3991
2.3936
2.3882
2.3828
2.3774
2.372
2.3666
2.3612
2.3559
2.3505
2.3452
2.3398
2.3345
2.3292
2.3239
2.3186
2.3134
2.3081
2.3029
2.2976
2.2924
2.2872
2.282
2.2768
2.2716
2.2664
2.2612
2.2561
2.251
2.2458
2.2407
2.2356
2.2305
2.2254
2.2203
2.2153
2.2102
2.2052
2.2001
2.1951
2.1901
2.1851
2.1801
2.1751
2.1701
2.1652
2.1602
2.1553
2.1503
2.1454
2.1405
2.1356
2.1307
2.1259
2.121
2.1161
2.1113
2.1064
2.1016
2.0968
2.092
2.0872
2.0824
2.0776
2.0729
2.0681
2.0634
2.0586
2.0539
2.0492
2.0445
2.0398
2.0351
2.0304
2.0258
2.0211
2.0165
2.0118
2.0072
2.0026
1.998
1.9934
1.9888
1.9842
1.9797
1.9751
1.9706
1.966
1.9615
1.957
1.9525
1.948
1.9435
1.939
1.9345
1.9301
1.9256
1.9212
1.9167
1.9123
1.9079
1.9035
1.8991
1.8947
1.8904
1.886
1.8816
1.8773
1.873
1.8686
1.8643
1.86
1.8557
1.8514
1.8471
1.8429
1.8386
1.8343
1.8301
1.8259
1.8216
1.8174
1.8132
1.809
1.8048
1.8006
1.7965
1.7923
1.7882
1.784
1.7799
1.7758
1.7716
1.7675
1.7634
1.7594
1.7553
1.7512
1.7471
1.7431
1.739
1.735
1.731
1.727
1.7229
1.7189
1.715
1.711
1.707
1.703
1.6991
1.6951
1.6912
1.6873
1.6833
1.6794
1.6755
1.6716
1.6677
1.6638
1.66
1.6561
1.6523
1.6484
1.6446
1.6407
1.6369
1.6331
1.6293
1.6255
1.6217
1.6179
1.6142
1.6104
1.6067
1.6029
1.5992
1.5955
1.5917
1.588
1.5843
1.5806
1.5769
1.5733
1.5696
1.5659
1.5623
1.5586
1.555
1.5513
1.5477
1.5441
1.5405
1.5369
1.5333
1.5297
1.5262
1.5226
1.519
1.5155
1.5119
1.5084
1.5049
1.5014
1.4978
1.4943
1.4908
1.4874
1.4839
1.4804
1.4769
1.4735
1.47
1.4666
1.4632
1.4597
1.4563
1.4529
1.4495
1.4461
1.4427
1.4393
1.436
1.4326
1.4292
1.4259
1.4226
1.4192
1.4159
1.4126
1.4093
1.406
1.4027
1.3994
1.3961
1.3928
1.3895
1.3863
1.383
1.3798
1.3765
1.3733
1.3701
1.3669
1.3637
1.3605
1.3573
1.3541
1.3509
1.3477
1.3445
1.3414
1.3382
1.3351
1.332
1.3288
1.3257
1.3226
1.3195
1.3164
1.3133
1.3102
1.3071
1.304
1.301
1.2979
1.2948
1.2918
1.2888
1.2857
1.2827
1.2797
1.2767
1.2737
1.2707
1.2677
1.2647
1.2617
1.2587
1.2558
1.2528
1.2499
1.2469
1.244
1.241
1.2381
1.2352
1.2323
1.2294
1.2265
1.2236
1.2207
1.2178
1.215
1.2121
1.2092
1.2064
1.2035
1.2007
1.1979
1.195
1.1922
1.1894
1.1866
1.1838
1.181
1.1782
1.1754
1.1727
1.1699
1.1671
1.1644
1.1616
1.1589
1.1561
1.1534
1.1507
1.148
1.1453
1.1426
1.1399
1.1372
1.1345
1.1318
1.1291
1.1264
1.1238
1.1211
1.1185
1.1158
1.1132
1.1106
1.1079
1.1053
1.1027
1.1001
1.0975
1.0949
1.0923
1.0897
1.0871
1.0846
1.082
1.0794
1.0769
1.0743
1.0718
1.0693
1.0667
1.0642
1.0617
1.0592
1.0567
1.0542
1.0517
1.0492
1.0467
1.0442
1.0417
1.0393
1.0368
1.0344
1.0319
1.0295
1.027
1.0246
1.0222
1.0198
1.0173
1.0149
1.0125
1.0101
1.0077
1.0053
1.003
1.0006
0.99821
0.99584
0.99348
0.99112
0.98877
0.98643
0.98409
0.98176
0.97943
0.97711
0.97479
0.97248
0.97017
0.96787
0.96558
0.96329
0.961
0.95872
0.95645
0.95418
0.95192
0.94966
0.9474
0.94516
0.94291
0.94068
0.93844
0.93622
0.934
0.93178
0.92957
0.92736
0.92516
0.92297
0.92077
0.91859
0.91641
0.91423
0.91206
0.9099
0.90774
0.90558
0.90343
0.90129
0.89915
0.89701
0.89488
0.89276
0.89064
0.88852
0.88641
0.88431
0.88221
0.88011
0.87802
0.87594
0.87385
0.87178
0.86971
0.86764
0.86558
0.86352
0.86147
0.85943
0.85738
0.85535
0.85332
0.85129
0.84927
0.84725
0.84523
0.84323
0.84122
0.83922
0.83723
0.83524
0.83325
0.83127
0.8293
0.82733
0.82536
0.8234
0.82144
0.81949
0.81754
0.8156
0.81366
0.81173
0.8098
0.80787
0.80595
0.80404
0.80212
0.80022
0.79832
0.79642
0.79452
0.79264
0.79075
0.78887
0.787
0.78512
0.78326
0.78139
0.77954
0.77768
0.77583
0.77399
0.77215
0.77031
0.76848
0.76665
0.76483
0.76301
0.7612
0.75939
0.75758
0.75578
0.75398
0.75219
0.7504
0.74862
0.74684
0.74506
0.74329
0.74152
0.73976
0.738
0.73624
0.73449
0.73275
0.731
0.72927
0.72753
0.7258
0.72407
0.72235
0.72063
0.71892
0.71721
0.71551
0.7138
0.71211
0.71041
0.70872
0.70704
0.70536
0.70368
0.702
0.70034
0.69867
0.69701
0.69535
0.6937
0.69205
0.6904
0.68876
0.68712
0.68549
0.68386
0.68223
0.68061
0.67899
0.67737
0.67576
0.67416
0.67255
0.67095
0.66936
0.66777
0.66618
0.66459
0.66301
0.66144
0.65986
0.6583
0.65673
0.65517
0.65361
0.65206
0.65051
0.64896
0.64742
0.64588
0.64434
0.64281
0.64128
0.63976
0.63824
0.63672
0.6352
0.63369
0.63219
0.63068
0.62919
0.62769
0.6262
0.62471
0.62322
0.62174
0.62026
0.61879
0.61732
0.61585
0.61439
0.61293
0.61147
0.61002
0.60857
0.60712
0.60568
0.60424
0.6028
0.60137
0.59994
0.59852
0.59709
0.59567
0.59426
0.59285
0.59144
0.59003
0.58863
0.58723
0.58584
0.58445
0.58306
0.58167
0.58029
0.57891
0.57754
0.57616
0.5748
0.57343
0.57207
0.57071
0.56935
0.568
0.56665
0.56531
0.56396
0.56263
0.56129
0.55996
0.55863
0.5573
0.55598
0.55466
0.55334
0.55203
0.55072
0.54941
0.5481
0.5468
0.54551
0.54421
0.54292
0.54163
0.54034
0.53906
0.53778
0.53651
0.53523
0.53396
0.5327
0.53143
0.53017
0.52891
0.52766
0.52641
0.52516
0.52391
0.52267
0.52143
0.52019
0.51896
0.51773
0.5165
