0
1.7538e-12
5.5995e-11
4.2425e-10
1.7837e-09
5.4312e-09
1.3484e-08
2.9078e-08
5.6564e-08
1.017e-07
1.7184e-07
2.7612e-07
4.2566e-07
6.337e-07
9.1585e-07
1.2902e-06
1.7775e-06
2.4015e-06
3.1887e-06
4.169e-06
5.3756e-06
6.8452e-06
8.6182e-06
1.0739e-05
1.3255e-05
1.622e-05
1.9689e-05
2.3724e-05
2.8391e-05
3.3759e-05
3.9904e-05
4.6907e-05
5.4852e-05
6.383e-05
7.3937e-05
8.5274e-05
9.7949e-05
0.00011207
0.00012777
0.00014516
0.00016437
0.00018555
0.00020883
0.00023437
0.00026232
0.00029285
0.00032612
0.00036231
0.00040161
0.00044421
0.0004903
0.0005401
0.0005938
0.00065164
0.00071384
0.00078064
0.00085228
0.00092901
0.0010111
0.0010988
0.0011924
0.0012921
0.0013983
0.0015113
0.0016314
0.0017588
0.001894
0.0020371
0.0021887
0.002349
0.0025184
0.0026973
0.0028859
0.0030849
0.0032944
0.0035149
0.0037468
0.0039906
0.0042467
0.0045155
0.0047974
0.005093
0.0054026
0.0057268
0.006066
0.0064208
0.0067916
0.0071789
0.0075833
0.0080054
0.0084455
0.0089043
0.0093824
0.0098803
0.010399
0.010938
0.011499
0.012082
0.012687
0.013317
0.01397
0.014648
0.015351
0.01608
0.016836
0.017619
0.018431
0.019271
0.02014
0.02104
0.021971
0.022933
0.023928
0.024955
0.026017
0.027113
0.028245
0.029413
0.030618
0.031861
0.033143
0.034464
0.035826
0.037228
0.038673
0.040161
0.041692
0.043269
0.04489
0.046558
0.048274
0.050038
0.051851
0.053714
0.055629
0.057595
0.059614
0.061688
0.063816
0.066
0.068241
0.070541
0.072899
0.075317
0.077796
0.080337
0.082941
0.085609
0.088343
0.091143
0.09401
0.096945
0.09995
0.10303
0.10617
0.10939
0.11269
0.11606
0.1195
0.12302
0.12662
0.13031
0.13407
0.13791
0.14184
0.14585
0.14994
0.15413
0.1584
0.16276
0.16721
0.17175
0.17638
0.18111
0.18594
0.19086
0.19587
0.20099
0.20621
0.21153
0.21695
0.22247
0.2281
0.23384
0.23969
0.24564
0.25171
0.25788
0.26417
0.27058
0.2771
0.28373
0.29049
0.29736
0.30436
0.31148
0.31872
0.32609
0.33358
0.3412
0.34896
0.35684
0.36485
0.373
0.38128
0.38969
0.39825
0.40694
0.41577
0.42475
0.43387
0.44313
0.45254
0.46209
0.4718
0.48165
0.49165
0.50181
0.51212
0.52259
0.53321
0.54399
0.55494
0.56604
0.5773
0.58873
0.60033
0.61209
0.62402
0.63612
0.64839
0.66083
0.67345
0.68624
0.69921
0.71236
0.72569
0.73919
0.75288
0.76676
0.78082
0.79506
0.8095
0.82412
0.83894
0.85395
0.86915
0.88454
0.90014
0.91593
0.93192
0.94811
0.9645
0.9811
0.9979
1.0149
1.0321
1.0496
1.0672
1.085
1.1031
1.1214
1.1399
1.1586
1.1775
1.1967
1.216
1.2356
1.2555
1.2755
1.2958
1.3163
1.337
1.358
1.3792
1.4006
1.4223
1.4442
1.4663
1.4887
1.5113
1.5342
1.5573
1.5806
1.6042
1.6281
1.6522
1.6765
1.7011
1.726
1.7511
1.7764
1.802
1.8279
1.854
1.8804
1.9071
1.934
1.9612
1.9886
2.0163
2.0443
2.0725
2.1011
2.1298
2.1589
2.1882
2.2179
2.2477
2.2779
2.3084
2.3391
2.3701
2.4014
2.4329
2.4648
2.4969
2.5294
2.5621
2.5951
2.6284
2.662
2.6958
2.73
2.7645
2.7992
2.8343
2.8696
2.9053
2.9413
2.9775
3.0141
3.0509
3.0881
3.1256
3.1633
3.2014
3.2398
3.2785
3.3175
3.3569
3.3965
3.4364
3.4767
3.5173
3.5582
3.5994
3.6409
3.6828
3.7249
3.7674
3.8102
3.8533
3.8968
3.9406
3.9847
4.0291
4.0739
4.119
4.1644
4.2101
4.2562
4.3026
4.3493
4.3964
4.4438
4.4915
4.5396
4.588
4.6367
4.6858
4.7352
4.785
4.8351
4.8855
4.9363
4.9874
5.0389
5.0907
5.1428
5.1953
5.2481
5.3013
5.3548
5.4087
5.4629
5.5175
5.5724
5.6277
5.6833
5.7392
5.7956
5.8522
5.9092
5.9666
6.0243
6.0824
6.1408
6.1996
6.2588
6.3183
6.3781
6.4383
6.4989
6.5598
6.6211
6.6827
6.7447
6.8071
6.8698
6.9329
6.9963
7.0601
7.1243
7.1888
7.2537
7.319
7.3846
7.4505
7.5169
7.5836
7.6506
7.7181
7.7859
7.854
7.9225
7.9914
8.0607
8.1303
8.2003
8.2706
8.3413
8.4124
8.4839
8.5557
8.6279
8.7004
8.7734
8.8467
8.9203
8.9943
9.0687
9.1435
9.2186
9.2941
9.37
9.4462
9.5228
9.5998
9.6772
9.7549
9.833
9.9114
9.9903
10.069
10.149
10.229
10.309
10.39
10.471
10.552
10.634
10.716
10.799
10.882
10.965
11.049
11.133
11.217
11.302
11.387
11.472
11.558
11.644
11.731
11.818
11.905
11.993
12.081
12.169
12.258
12.347
12.437
12.527
12.617
12.708
12.799
12.89
12.982
13.074
13.166
13.259
13.352
13.446
13.54
13.634
13.729
13.824
13.919
14.015
14.111
14.207
14.304
14.401
14.499
14.597
14.695
14.794
14.893
14.992
15.092
15.192
15.292
15.393
15.494
15.596
15.698
15.8
15.902
16.005
16.109
16.212
16.316
16.421
16.525
16.631
16.736
16.842
16.948
17.054
17.161
17.268
17.376
17.484
17.592
17.7
17.809
17.919
18.028
18.138
18.249
18.359
18.47
18.582
18.693
18.805
18.918
19.03
19.143
19.257
19.371
19.485
19.599
19.714
19.829
19.944
20.06
20.176
20.293
20.409
20.526
20.644
20.762
20.88
20.998
21.117
21.236
21.355
21.475
21.595
21.716
21.836
21.957
22.079
22.2
22.322
22.445
22.567
22.69
22.814
22.937
23.061
23.186
23.31
23.435
23.56
23.686
23.812
23.938
24.064
24.191
24.318
24.446
24.573
24.701
24.83
24.958
25.087
25.217
25.346
25.476
25.606
25.737
25.867
25.998
26.13
26.262
26.394
26.526
26.658
26.791
26.924
27.058
27.192
27.326
27.46
27.595
27.729
27.865
28
28.136
28.272
28.408
28.545
28.682
28.819
28.957
29.094
29.232
29.371
29.509
29.648
29.787
29.927
30.066
30.206
30.347
30.487
30.628
30.769
30.91
31.052
31.194
31.336
31.478
31.621
31.764
31.907
32.051
32.194
32.338
32.483
32.627
32.772
32.917
33.062
33.208
33.353
33.499
33.646
33.792
33.939
34.086
34.233
34.381
34.529
34.677
34.825
34.973
35.122
35.271
35.42
35.57
35.719
35.869
36.02
36.17
36.321
36.472
36.623
36.774
36.926
37.077
37.229
37.382
37.534
37.687
37.84
37.993
38.146
38.3
38.454
38.608
38.762
38.916
39.071
39.226
39.381
39.536
39.692
39.848
40.004
40.16
40.316
40.473
40.63
40.787
40.944
41.101
41.259
41.417
41.575
41.733
41.891
42.05
42.209
42.368
42.527
42.686
42.846
43.006
43.166
43.326
43.486
43.647
43.807
43.968
44.129
44.29
44.452
44.614
44.775
44.937
45.099
45.262
45.424
45.587
45.75
45.913
46.076
46.24
46.403
46.567
46.731
46.895
47.059
47.223
47.388
47.553
47.718
47.883
48.048
48.213
48.379
48.544
48.71
48.876
49.042
49.209
49.375
49.542
49.708
49.875
50.042
50.21
50.377
50.544
50.712
50.88
51.048
51.216
51.384
51.552
51.721
51.89
52.058
52.227
52.396
52.565
52.735
52.904
53.074
53.243
53.413
53.583
53.753
53.923
54.094
54.264
54.435
54.605
54.776
54.947
55.118
55.289
55.461
55.632
55.804
55.975
56.147
56.319
56.491
56.663
56.835
57.007
57.18
57.352
57.525
57.698
57.87
58.043
58.216
58.39
58.563
58.736
58.91
59.083
59.257
59.43
59.604
59.778
59.952
60.126
60.3
60.475
60.649
60.824
60.998
61.173
61.347
61.522
61.697
61.872
62.047
62.222
62.397
62.573
62.748
62.924
63.099
63.275
63.45
63.626
63.802
63.978
64.154
64.33
64.506
64.682
64.858
65.035
65.211
65.387
65.564
65.741
65.917
66.094
66.271
66.447
66.624
66.801
66.978
67.155
67.332
67.509
67.687
67.864
68.041
68.219
68.396
68.573
68.751
68.929
69.106
69.284
69.461
69.639
69.817
69.995
70.173
70.351
70.529
70.707
70.885
71.063
71.241
71.419
71.597
71.775
71.954
72.132
72.31
72.488
72.667
72.845
73.024
73.202
73.381
73.559
73.738
73.916
74.095
74.273
74.452
74.631
74.809
74.988
75.167
75.346
75.524
75.703
75.882
76.061
76.239
76.418
76.597
76.776
76.955
77.134
77.313
77.492
77.671
77.849
78.028
78.207
78.386
78.565
78.744
78.923
79.102
79.281
79.46
79.639
79.818
79.997
80.176
80.355
80.534
80.713
80.892
81.071
81.25
81.428
81.607
81.786
81.965
82.144
82.323
82.502
82.681
82.86
83.039
83.217
83.396
83.575
83.754
83.933
84.111
84.29
84.469
84.648
84.826
85.005
85.184
85.362
85.541
85.719
85.898
86.076
86.255
86.433
86.612
86.79
86.969
87.147
87.325
87.504
87.682
87.86
88.039
88.217
88.395
88.573
88.751
88.929
89.107
89.285
89.463
89.641
89.819
89.997
90.175
90.353
90.53
90.708
90.886
91.063
91.241
91.418
91.596
91.773
91.951
92.128
92.305
92.483
92.66
92.837
93.014
93.191
93.368
93.545
93.722
93.899
94.076
94.253
94.429
94.606
94.783
94.959
95.136
95.312
95.489
95.665
95.841
96.017
96.194
96.37
96.546
96.722
96.898
97.074
97.249
97.425
97.601
97.777
97.952
98.128
98.303
98.478
98.654
98.829
99.004
99.179
99.354
99.529
99.704
99.879
100.05
100.23
100.4
100.58
100.75
100.93
101.1
101.28
101.45
101.62
101.8
101.97
102.15
102.32
102.49
102.67
102.84
103.01
103.19
103.36
103.53
103.71
103.88
104.05
104.23
104.4
104.57
104.75
104.92
105.09
105.26
105.44
105.61
105.78
105.95
106.12
106.3
106.47
106.64
106.81
106.98
107.16
107.33
107.5
107.67
107.84
108.01
108.18
108.35
108.52
108.7
108.87
109.04
109.21
109.38
109.55
109.72
109.89
110.06
110.23
110.4
110.57
110.74
110.91
111.08
111.25
111.41
111.58
111.75
111.92
112.09
112.26
112.43
112.6
112.77
112.93
113.1
113.27
113.44
113.61
113.77
113.94
114.11
114.28
114.44
114.61
114.78
114.95
115.11
115.28
115.45
115.61
115.78
115.95
116.11
116.28
116.45
116.61
116.78
116.94
117.11
117.28
117.44
117.61
117.77
117.94
118.1
118.27
118.43
118.6
118.76
118.93
119.09
119.25
119.42
119.58
119.75
119.91
120.07
120.24
120.4
120.56
120.73
120.89
121.05
121.22
121.38
121.54
121.71
121.87
122.03
122.19
122.35
122.52
122.68
122.84
123
123.16
123.33
123.49
123.65
123.81
123.97
124.13
124.29
124.45
124.61
124.77
124.93
125.09
125.25
125.41
125.57
125.73
125.89
126.05
126.21
126.37
126.53
126.69
126.85
127
127.16
127.32
127.48
127.64
127.8
127.95
128.11
128.27
128.43
128.58
128.74
128.9
129.06
129.21
129.37
129.53
129.68
129.84
129.99
130.15
130.31
130.46
130.62
130.77
130.93
131.08
131.24
131.39
131.55
131.7
131.86
132.01
132.17
132.32
132.48
132.63
132.78
132.94
133.09
133.25
133.4
133.55
133.71
133.86
134.01
134.16
134.32
134.47
134.62
134.77
134.92
135.08
135.23
135.38
135.53
135.68
135.83
135.99
136.14
136.29
136.44
136.59
136.74
136.89
137.04
137.19
137.34
137.49
137.64
137.79
137.94
138.09
138.24
138.38
138.53
138.68
138.83
138.98
139.13
139.27
139.42
139.57
139.72
139.87
140.01
140.16
140.31
140.45
140.6
140.75
140.89
141.04
141.19
141.33
141.48
141.63
141.77
141.92
142.06
142.21
142.35
142.5
142.64
142.79
142.93
143.08
143.22
143.37
143.51
143.65
143.8
143.94
144.08
144.23
144.37
144.51
144.66
144.8
144.94
145.08
145.23
145.37
145.51
145.65
145.8
145.94
146.08
146.22
146.36
146.5
146.64
146.78
146.92
147.06
147.21
147.35
147.49
147.63
147.77
147.91
148.04
148.18
148.32
148.46
148.6
148.74
148.88
149.02
149.16
149.29
149.43
149.57
149.71
149.85
149.98
150.12
150.26
150.39
150.53
150.67
150.81
150.94
151.08
151.21
151.35
151.49
151.62
151.76
151.89
152.03
152.16
152.3
152.43
152.57
152.7
152.84
152.97
153.11
153.24
153.37
153.51
153.64
153.78
153.91
154.04
154.18
154.31
154.44
154.57
154.71
154.84
154.97
155.1
155.23
155.37
155.5
155.63
155.76
155.89
156.02
156.15
156.28
156.42
156.55
156.68
156.81
156.94
157.07
157.2
157.33
157.45
157.58
157.71
157.84
157.97
158.1
158.23
158.36
158.49
158.61
158.74
158.87
159
159.12
159.25
159.38
159.51
159.63
159.76
159.89
160.01
160.14
160.27
160.39
160.52
160.64
160.77
160.9
161.02
161.15
161.27
161.4
161.52
161.65
161.77
161.9
162.02
162.14
162.27
162.39
162.52
162.64
162.76
162.89
163.01
163.13
163.25
163.38
163.5
163.62
163.74
163.87
163.99
164.11
164.23
164.35
164.47
164.6
164.72
164.84
164.96
165.08
165.2
165.32
165.44
165.56
165.68
165.8
165.92
166.04
166.16
166.28
166.4
166.52
166.64
166.75
166.87
166.99
167.11
167.23
167.35
167.46
167.58
167.7
167.82
167.93
168.05
168.17
168.28
168.4
168.52
168.63
168.75
168.87
168.98
169.1
169.21
169.33
169.45
169.56
169.68
169.79
169.91
170.02
170.14
170.25
170.36
170.48
170.59
170.71
170.82
170.93
171.05
171.16
171.27
171.39
171.5
171.61
171.72
171.84
171.95
172.06
172.17
172.29
172.4
172.51
172.62
172.73
172.84
172.95
173.07
173.18
173.29
173.4
173.51
173.62
173.73
173.84
173.95
174.06
174.17
174.28
174.39
174.49
174.6
174.71
174.82
174.93
175.04
175.15
175.26
175.36
175.47
175.58
175.69
175.79
175.9
176.01
176.12
176.22
176.33
176.44
176.54
176.65
176.76
176.86
176.97
177.07
177.18
177.28
177.39
177.5
177.6
177.71
177.81
177.92
178.02
178.12
178.23
178.33
178.44
178.54
178.65
178.75
178.85
178.96
179.06
179.16
179.27
179.37
179.47
179.57
179.68
179.78
179.88
179.98
180.08
180.19
180.29
180.39
180.49
180.59
180.69
180.79
180.9
181
181.1
181.2
181.3
181.4
181.5
181.6
181.7
181.8
181.9
182
182.1
182.19
182.29
182.39
182.49
182.59
182.69
182.79
182.89
182.98
183.08
183.18
183.28
183.37
183.47
183.57
183.67
183.76
183.86
183.96
184.05
184.15
184.25
184.34
184.44
184.54
184.63
184.73
184.82
184.92
185.01
185.11
185.2
185.3
185.39
185.49
185.58
185.68
185.77
185.87
185.96
186.05
186.15
186.24
186.34
186.43
186.52
186.62
186.71
186.8
186.9
186.99
187.08
187.17
187.27
187.36
187.45
187.54
187.63
187.73
187.82
187.91
188
188.09
188.18
188.27
188.36
188.45
188.54
188.64
188.73
188.82
188.91
189
189.09
189.18
189.26
189.35
189.44
189.53
189.62
189.71
189.8
189.89
189.98
190.07
190.15
190.24
190.33
190.42
190.51
190.59
190.68
190.77
190.86
190.94
191.03
191.12
191.2
191.29
191.38
191.46
191.55
191.64
191.72
191.81
191.9
191.98
192.07
192.15
192.24
192.32
192.41
192.49
192.58
192.66
192.75
192.83
192.92
193
193.09
193.17
193.25
193.34
193.42
193.51
193.59
193.67
193.76
193.84
193.92
194.01
194.09
194.17
194.25
194.34
194.42
194.5
194.58
194.66
194.75
194.83
194.91
194.99
195.07
195.15
195.24
195.32
195.4
195.48
195.56
195.64
195.72
195.8
195.88
195.96
196.04
196.12
196.2
196.28
196.36
196.44
196.52
196.6
196.68
196.76
196.84
196.91
196.99
197.07
197.15
197.23
197.31
197.39
197.46
197.54
197.62
197.7
197.77
197.85
197.93
198.01
198.08
198.16
198.24
198.31
198.39
198.47
198.54
198.62
198.7
198.77
198.85
198.92
199
199.08
199.15
199.23
199.3
199.38
199.45
199.53
199.6
199.68
199.75
199.83
199.9
199.98
200.05
200.12
200.2
200.27
200.35
200.42
200.49
200.57
200.64
200.71
200.79
200.86
200.93
201.01
201.08
201.15
201.22
201.3
201.37
201.44
201.51
201.59
201.66
201.73
201.8
201.87
201.94
202.02
202.09
202.16
202.23
202.3
202.37
202.44
202.51
202.58
202.65
202.72
202.79
202.86
202.93
203
203.07
203.14
203.21
203.28
203.35
203.42
203.49
203.56
203.63
203.7
203.77
203.84
203.9
203.97
204.04
204.11
204.18
204.25
204.31
204.38
204.45
204.52
204.58
204.65
204.72
204.79
204.85
204.92
204.99
205.05
205.12
205.19
205.25
205.32
205.39
205.45
205.52
205.59
205.65
205.72
205.78
205.85
205.92
205.98
206.05
206.11
206.18
206.24
206.31
206.37
206.44
206.5
206.57
206.63
206.69
206.76
206.82
206.89
206.95
207.02
207.08
207.14
207.21
207.27
207.33
207.4
207.46
207.52
207.59
207.65
207.71
207.78
207.84
207.9
207.96
208.03
208.09
208.15
208.21
208.27
208.34
208.4
208.46
208.52
208.58
208.65
208.71
208.77
208.83
208.89
208.95
209.01
209.07
209.13
209.19
209.25
209.32
209.38
209.44
209.5
209.56
209.62
209.68
209.74
209.8
209.86
209.92
209.97
210.03
210.09
210.15
210.21
210.27
210.33
210.39
210.45
