0
0.00015575
0.00062099
0.0013927
0.002468
0.0038438
0.0055173
0.0074855
0.0097456
0.012295
0.01513
0.018248
0.021647
0.025324
0.029275
0.033499
0.037992
0.042751
0.047775
0.05306
0.058603
0.064403
0.070455
0.076759
0.08331
0.090107
0.097148
0.10443
0.11195
0.1197
0.12769
0.1359
0.14435
0.15302
0.16191
0.17103
0.18036
0.18991
0.19967
0.20964
0.21983
0.23022
0.24081
0.2516
0.2626
0.27379
0.28518
0.29676
0.30853
0.32049
0.33264
0.34497
0.35748
0.37017
0.38305
0.39609
0.40931
0.4227
0.43627
0.45
0.46389
0.47795
0.49217
0.50655
0.52109
0.53578
0.55062
0.56562
0.58077
0.59607
0.61151
0.62709
0.64282
0.65869
0.6747
0.69084
0.70712
0.72354
0.74008
0.75675
0.77355
0.79048
0.80753
0.82471
0.842
0.85942
0.87695
0.8946
0.91236
0.93024
0.94822
0.96632
0.98452
1.0028
1.0212
1.0398
1.0584
1.0771
1.0959
1.1148
1.1338
1.1529
1.1721
1.1914
1.2108
1.2303
1.2498
1.2694
1.2891
1.3089
1.3288
1.3488
1.3688
1.3889
1.4091
1.4294
1.4497
1.4701
1.4906
1.5111
1.5317
1.5524
1.5732
1.594
1.6148
1.6358
1.6567
1.6778
1.6989
1.72
1.7412
1.7625
1.7838
1.8052
1.8266
1.8481
1.8696
1.8911
1.9127
1.9344
1.9561
1.9778
1.9996
2.0214
2.0432
2.0651
2.0871
2.109
2.131
2.153
2.1751
2.1972
2.2193
2.2415
2.2636
2.2858
2.3081
2.3303
2.3526
2.3749
2.3972
2.4196
2.4419
2.4643
2.4867
2.5091
2.5316
2.554
2.5765
2.599
2.6215
2.644
2.6665
2.689
2.7115
2.7341
2.7566
2.7792
2.8018
2.8243
2.8469
2.8695
2.8921
2.9146
2.9372
2.9598
2.9824
3.005
3.0276
3.0501
3.0727
3.0953
3.1179
3.1404
3.163
3.1855
3.2081
3.2306
3.2531
3.2756
3.2982
3.3206
3.3431
3.3656
3.3881
3.4105
3.4329
3.4553
3.4777
3.5001
3.5225
3.5448
3.5672
3.5895
3.6118
3.634
3.6563
3.6785
3.7007
3.7229
3.7451
3.7672
3.7893
3.8114
3.8335
3.8555
3.8775
3.8995
3.9215
3.9434
3.9653
3.9872
4.0091
4.0309
4.0527
4.0744
4.0961
4.1178
4.1395
4.1611
4.1827
4.2043
4.2258
4.2473
4.2688
4.2902
4.3116
4.3329
4.3543
4.3755
4.3968
4.418
4.4392
4.4603
4.4814
4.5024
4.5234
4.5444
4.5653
4.5862
4.6071
4.6279
4.6486
4.6693
4.69
4.7107
4.7312
4.7518
4.7723
4.7928
4.8132
4.8335
4.8539
4.8741
4.8944
4.9145
4.9347
4.9548
4.9748
4.9948
5.0148
5.0346
5.0545
5.0743
5.094
5.1137
5.1334
5.153
5.1726
5.1921
5.2115
5.2309
5.2502
5.2695
5.2888
5.308
5.3271
5.3462
5.3652
5.3842
5.4031
5.422
5.4408
5.4596
5.4783
5.497
5.5156
5.5341
5.5526
5.5711
5.5894
5.6078
5.626
5.6443
5.6624
5.6805
5.6986
5.7166
5.7345
5.7524
5.7702
5.7879
5.8057
5.8233
5.8409
5.8584
5.8759
5.8933
5.9107
5.928
5.9452
5.9624
5.9795
5.9966
6.0136
6.0305
6.0474
6.0642
6.081
6.0977
6.1143
6.1309
6.1474
6.1639
6.1803
6.1966
6.2129
6.2291
6.2453
6.2614
6.2774
6.2934
6.3093
6.3251
6.3409
6.3567
6.3723
6.3879
6.4035
6.419
6.4344
6.4497
6.465
6.4803
6.4954
6.5106
6.5256
6.5406
6.5555
6.5704
6.5852
6.5999
6.6146
6.6292
6.6437
6.6582
6.6726
6.687
6.7013
6.7155
6.7297
6.7438
6.7578
6.7718
6.7857
6.7996
6.8134
6.8271
6.8408
6.8544
6.8679
6.8814
6.8948
6.9081
6.9214
6.9346
6.9478
6.9609
6.9739
6.9869
6.9998
7.0126
7.0254
7.0381
7.0508
7.0634
7.0759
7.0884
7.1008
7.1131
7.1254
7.1376
7.1497
7.1618
7.1738
7.1858
7.1977
7.2095
7.2213
7.233
7.2446
7.2562
7.2677
7.2792
7.2905
7.3019
7.3131
7.3243
7.3355
7.3465
7.3576
7.3685
7.3794
7.3902
7.401
7.4117
7.4223
7.4329
7.4434
7.4538
7.4642
7.4746
7.4848
7.495
7.5052
7.5152
7.5253
7.5352
7.5451
7.5549
7.5647
7.5744
7.584
7.5936
7.6031
7.6126
7.622
7.6313
7.6406
7.6498
7.659
7.6681
7.6771
7.6861
7.695
7.7038
7.7126
7.7214
7.73
7.7386
7.7472
7.7557
7.7641
7.7725
7.7808
7.789
7.7972
7.8053
7.8134
7.8214
7.8293
7.8372
7.8451
7.8528
7.8605
7.8682
7.8758
7.8833
7.8908
7.8982
7.9056
7.9129
7.9201
7.9273
7.9344
7.9415
7.9485
7.9554
7.9623
7.9692
7.976
7.9827
7.9893
7.9959
8.0025
8.009
8.0154
8.0218
8.0281
8.0344
8.0406
8.0467
8.0528
8.0589
8.0648
8.0708
8.0766
8.0824
8.0882
8.0939
8.0996
8.1051
8.1107
8.1162
8.1216
8.127
8.1323
8.1375
8.1427
8.1479
8.153
8.158
8.163
8.168
8.1728
8.1777
8.1824
8.1871
8.1918
8.1964
8.201
8.2055
8.2099
8.2143
8.2187
8.223
8.2272
8.2314
8.2356
8.2396
8.2437
8.2476
8.2516
8.2555
8.2593
8.2631
8.2668
8.2704
8.2741
8.2776
8.2812
8.2846
8.288
8.2914
8.2947
8.298
8.3012
8.3044
8.3075
8.3105
8.3136
8.3165
8.3194
8.3223
8.3251
8.3279
8.3306
8.3333
8.3359
8.3385
8.341
8.3435
8.3459
8.3483
8.3506
8.3529
8.3552
8.3574
8.3595
8.3616
8.3637
8.3657
8.3676
8.3695
8.3714
8.3732
8.375
8.3767
8.3784
8.38
8.3816
8.3831
8.3846
8.3861
8.3875
8.3888
8.3902
8.3914
8.3927
8.3938
8.395
8.3961
8.3971
8.3981
8.3991
8.4
8.4009
8.4017
8.4025
8.4032
8.4039
8.4046
8.4052
8.4057
8.4063
8.4067
8.4072
8.4076
8.4079
8.4083
8.4085
8.4088
8.409
8.4091
8.4092
8.4093
8.4093
8.4093
8.4092
8.4091
8.409
8.4088
8.4086
8.4083
8.408
8.4077
8.4073
8.4069
8.4064
8.4059
8.4054
8.4048
8.4042
8.4036
8.4029
8.4021
8.4014
8.4005
8.3997
8.3988
8.3979
8.3969
8.3959
8.3949
8.3938
8.3927
8.3916
8.3904
8.3892
8.3879
8.3866
8.3853
8.3839
8.3825
8.3811
8.3796
8.3781
8.3765
8.3749
8.3733
8.3717
8.37
8.3683
8.3665
8.3647
8.3629
8.361
8.3591
8.3572
8.3552
8.3532
8.3512
8.3491
8.347
8.3449
8.3427
8.3405
8.3382
8.336
8.3337
8.3313
8.329
8.3266
8.3241
8.3217
8.3192
8.3166
8.3141
8.3115
8.3089
8.3062
8.3035
8.3008
8.298
8.2953
8.2924
8.2896
8.2867
8.2838
8.2809
8.2779
8.2749
8.2719
8.2688
8.2658
8.2626
8.2595
8.2563
8.2531
8.2499
8.2466
8.2433
8.24
8.2366
8.2333
8.2299
8.2264
8.223
8.2195
8.216
8.2124
8.2088
8.2052
8.2016
8.1979
8.1942
8.1905
8.1868
8.183
8.1792
8.1754
8.1716
8.1677
8.1638
8.1599
8.1559
8.1519
8.1479
8.1439
8.1398
8.1358
8.1317
8.1275
8.1234
8.1192
8.115
8.1107
8.1065
8.1022
8.0979
8.0936
8.0892
8.0848
8.0804
8.076
8.0715
8.0671
8.0626
8.058
8.0535
8.0489
8.0443
8.0397
8.0351
8.0304
8.0257
8.021
8.0163
8.0115
8.0068
8.002
7.9971
7.9923
7.9874
7.9825
7.9776
7.9727
7.9678
7.9628
7.9578
7.9528
7.9478
7.9427
7.9376
7.9325
7.9274
7.9223
7.9171
7.9119
7.9067
7.9015
7.8963
7.891
7.8857
7.8804
7.8751
7.8698
7.8644
7.859
7.8536
7.8482
7.8428
7.8373
7.8319
7.8264
7.8209
7.8154
7.8098
7.8042
7.7987
7.7931
7.7874
7.7818
7.7762
7.7705
7.7648
7.7591
7.7534
7.7476
7.7419
7.7361
7.7303
7.7245
7.7187
7.7128
7.707
7.7011
7.6952
7.6893
7.6834
7.6774
7.6715
7.6655
7.6595
7.6535
7.6475
7.6414
7.6354
7.6293
7.6233
7.6172
7.611
7.6049
7.5988
7.5926
7.5864
7.5803
7.5741
7.5678
7.5616
7.5554
7.5491
7.5428
7.5366
7.5303
7.524
7.5176
7.5113
7.5049
7.4986
7.4922
7.4858
7.4794
7.473
7.4665
7.4601
7.4536
7.4472
7.4407
7.4342
7.4277
7.4211
7.4146
7.4081
7.4015
7.3949
7.3883
7.3817
7.3751
7.3685
7.3619
7.3553
7.3486
7.3419
7.3353
7.3286
7.3219
7.3152
7.3084
7.3017
7.295
7.2882
7.2815
7.2747
7.2679
7.2611
7.2543
7.2475
7.2407
7.2338
7.227
7.2201
7.2132
7.2064
7.1995
7.1926
7.1857
7.1788
7.1718
7.1649
7.158
7.151
7.1441
7.1371
7.1301
7.1231
7.1161
7.1091
7.1021
7.0951
7.0881
7.081
7.074
7.0669
7.0598
7.0528
7.0457
7.0386
7.0315
7.0244
7.0173
7.0102
7.003
6.9959
6.9888
6.9816
6.9745
6.9673
6.9601
6.9529
6.9458
6.9386
6.9314
6.9242
6.9169
6.9097
6.9025
6.8953
6.888
6.8808
6.8735
6.8663
6.859
6.8517
6.8444
6.8372
6.8299
6.8226
6.8153
6.808
6.8006
6.7933
6.786
6.7787
6.7713
6.764
6.7566
6.7493
6.7419
6.7346
6.7272
6.7198
6.7124
6.7051
6.6977
6.6903
6.6829
6.6755
6.6681
6.6607
6.6533
6.6458
6.6384
6.631
6.6235
6.6161
6.6087
6.6012
6.5938
6.5863
6.5789
6.5714
6.5639
6.5565
6.549
6.5415
6.534
6.5266
6.5191
6.5116
6.5041
6.4966
6.4891
6.4816
6.4741
6.4666
6.4591
6.4515
6.444
6.4365
6.429
6.4214
6.4139
6.4064
6.3989
6.3913
6.3838
6.3762
6.3687
6.3611
6.3536
6.346
6.3385
6.3309
6.3234
6.3158
6.3083
6.3007
6.2931
6.2856
6.278
6.2704
6.2629
6.2553
6.2477
6.2401
6.2325
6.225
6.2174
6.2098
6.2022
6.1946
6.1871
6.1795
6.1719
6.1643
6.1567
6.1491
6.1415
6.1339
6.1263
6.1187
6.1111
6.1036
6.096
6.0884
6.0808
6.0732
6.0656
6.058
6.0504
6.0428
6.0352
6.0276
6.02
6.0124
6.0048
5.9972
5.9896
5.982
5.9744
5.9668
5.9592
5.9516
5.944
5.9364
5.9288
5.9212
5.9136
5.906
5.8984
5.8908
5.8832
5.8756
5.868
5.8605
5.8529
5.8453
5.8377
5.8301
5.8225
5.8149
5.8073
5.7998
5.7922
5.7846
5.777
5.7694
5.7618
5.7543
5.7467
5.7391
5.7315
5.724
5.7164
5.7088
5.7013
5.6937
5.6861
5.6786
5.671
5.6635
5.6559
5.6483
5.6408
5.6332
5.6257
5.6181
5.6106
5.6031
5.5955
5.588
5.5804
5.5729
5.5654
5.5578
5.5503
5.5428
5.5353
5.5277
5.5202
5.5127
5.5052
5.4977
5.4902
5.4827
5.4752
5.4677
5.4602
5.4527
5.4452
5.4377
5.4302
5.4227
5.4152
5.4078
5.4003
5.3928
5.3853
5.3779
5.3704
5.3629
5.3555
5.348
5.3406
5.3331
5.3257
5.3182
5.3108
5.3034
5.2959
5.2885
5.2811
5.2737
5.2662
5.2588
5.2514
5.244
5.2366
5.2292
5.2218
5.2144
5.207
5.1996
5.1922
5.1849
5.1775
5.1701
5.1627
5.1554
5.148
5.1407
5.1333
5.126
5.1186
5.1113
5.1039
5.0966
5.0893
5.082
5.0746
5.0673
5.06
5.0527
5.0454
5.0381
5.0308
5.0235
5.0162
5.0089
5.0017
4.9944
4.9871
4.9799
4.9726
4.9653
4.9581
4.9509
4.9436
4.9364
4.9291
4.9219
4.9147
4.9075
4.9003
4.893
4.8858
4.8786
4.8714
4.8643
4.8571
4.8499
4.8427
4.8355
4.8284
4.8212
4.8141
4.8069
4.7998
4.7926
4.7855
4.7783
4.7712
4.7641
4.757
4.7499
4.7428
4.7357
4.7286
4.7215
4.7144
4.7073
4.7002
4.6932
4.6861
4.679
4.672
4.6649
4.6579
4.6508
4.6438
4.6368
4.6298
4.6227
4.6157
4.6087
4.6017
4.5947
4.5877
4.5808
4.5738
4.5668
4.5598
4.5529
4.5459
4.539
4.532
4.5251
4.5182
4.5112
4.5043
4.4974
4.4905
4.4836
4.4767
4.4698
4.4629
4.456
4.4491
4.4423
4.4354
4.4285
4.4217
4.4148
4.408
4.4012
4.3943
4.3875
4.3807
4.3739
4.3671
4.3603
4.3535
4.3467
4.3399
4.3331
4.3264
4.3196
4.3128
4.3061
4.2993
4.2926
4.2859
4.2791
4.2724
4.2657
4.259
4.2523
4.2456
4.2389
4.2322
4.2256
4.2189
4.2122
4.2056
4.1989
4.1923
4.1856
4.179
4.1724
4.1657
4.1591
4.1525
4.1459
4.1393
4.1327
4.1262
4.1196
4.113
4.1064
4.0999
4.0933
4.0868
4.0803
4.0737
4.0672
4.0607
4.0542
4.0477
4.0412
4.0347
4.0282
4.0217
4.0152
4.0088
4.0023
3.9959
3.9894
3.983
3.9765
3.9701
3.9637
3.9573
3.9509
3.9445
3.9381
3.9317
3.9253
3.9189
3.9126
3.9062
3.8999
3.8935
3.8872
3.8808
3.8745
3.8682
3.8619
3.8556
3.8493
3.843
3.8367
3.8304
3.8241
3.8179
3.8116
3.8054
3.7991
3.7929
3.7867
3.7804
3.7742
3.768
3.7618
3.7556
3.7494
3.7432
3.737
3.7309
3.7247
3.7186
3.7124
3.7063
3.7001
3.694
3.6879
3.6818
3.6757
3.6696
3.6635
3.6574
3.6513
3.6452
3.6391
3.6331
3.627
3.621
3.615
3.6089
3.6029
3.5969
3.5909
3.5849
3.5789
3.5729
3.5669
3.5609
3.5549
3.549
3.543
3.5371
3.5311
3.5252
3.5193
3.5134
3.5074
3.5015
3.4956
3.4898
3.4839
3.478
3.4721
3.4663
3.4604
3.4545
3.4487
3.4429
3.437
3.4312
3.4254
3.4196
3.4138
3.408
3.4022
3.3964
3.3907
3.3849
3.3791
3.3734
3.3676
3.3619
3.3562
3.3505
3.3447
3.339
3.3333
3.3276
3.322
3.3163
3.3106
3.3049
3.2993
3.2936
3.288
3.2823
3.2767
3.2711
3.2655
3.2599
3.2543
3.2487
3.2431
3.2375
3.2319
3.2264
3.2208
3.2152
3.2097
3.2042
3.1986
3.1931
3.1876
3.1821
3.1766
3.1711
3.1656
3.1601
3.1546
3.1492
3.1437
3.1383
3.1328
3.1274
3.1219
3.1165
3.1111
3.1057
3.1003
3.0949
3.0895
3.0841
3.0787
3.0734
3.068
3.0627
3.0573
3.052
3.0466
3.0413
3.036
3.0307
3.0254
3.0201
3.0148
3.0095
3.0042
2.999
2.9937
2.9885
2.9832
2.978
2.9727
2.9675
2.9623
2.9571
2.9519
2.9467
2.9415
2.9363
2.9311
2.926
2.9208
2.9157
2.9105
2.9054
2.9002
2.8951
2.89
2.8849
2.8798
2.8747
2.8696
2.8645
2.8594
2.8543
2.8493
2.8442
2.8392
2.8341
2.8291
2.8241
2.819
2.814
2.809
2.804
2.799
2.794
2.7891
2.7841
2.7791
2.7742
2.7692
2.7643
2.7593
2.7544
2.7495
2.7446
2.7397
2.7348
2.7299
2.725
2.7201
2.7152
2.7104
2.7055
2.7006
2.6958
2.691
2.6861
2.6813
2.6765
2.6717
2.6669
2.6621
2.6573
2.6525
2.6477
2.6429
2.6382
2.6334
2.6287
2.6239
2.6192
2.6145
2.6097
2.605
2.6003
2.5956
2.5909
2.5862
2.5816
2.5769
2.5722
2.5676
2.5629
2.5583
2.5536
2.549
2.5444
2.5397
2.5351
2.5305
2.5259
2.5213
2.5168
2.5122
2.5076
2.503
2.4985
2.4939
2.4894
2.4849
2.4803
2.4758
2.4713
2.4668
2.4623
2.4578
2.4533
2.4488
2.4443
2.4399
2.4354
2.4309
2.4265
2.422
2.4176
2.4132
2.4088
2.4043
2.3999
2.3955
2.3911
2.3867
2.3824
2.378
2.3736
2.3693
2.3649
2.3605
2.3562
2.3519
2.3475
2.3432
2.3389
2.3346
2.3303
2.326
2.3217
2.3174
2.3131
2.3089
2.3046
2.3004
2.2961
2.2919
2.2876
2.2834
2.2792
2.275
2.2707
2.2665
2.2623
2.2581
2.254
2.2498
2.2456
2.2415
2.2373
2.2331
2.229
2.2249
2.2207
2.2166
2.2125
2.2084
2.2043
2.2002
2.1961
2.192
2.1879
2.1838
2.1798
2.1757
2.1716
2.1676
2.1635
2.1595
2.1555
2.1515
2.1474
2.1434
2.1394
2.1354
2.1314
2.1275
2.1235
2.1195
2.1155
2.1116
2.1076
2.1037
2.0997
2.0958
2.0919
2.088
2.084
2.0801
2.0762
2.0723
2.0684
2.0646
2.0607
2.0568
2.0529
2.0491
2.0452
2.0414
2.0375
2.0337
2.0299
2.0261
2.0222
2.0184
2.0146
2.0108
2.007
2.0033
1.9995
1.9957
1.9919
1.9882
1.9844
1.9807
1.9769
1.9732
1.9695
1.9657
1.962
1.9583
1.9546
1.9509
1.9472
1.9435
1.9398
1.9362
1.9325
1.9288
1.9252
1.9215
1.9179
1.9142
1.9106
1.907
1.9034
1.8998
1.8961
1.8925
1.8889
1.8854
1.8818
1.8782
1.8746
1.871
1.8675
1.8639
1.8604
1.8568
1.8533
1.8498
1.8462
1.8427
1.8392
1.8357
1.8322
1.8287
1.8252
1.8217
1.8182
1.8148
1.8113
1.8078
1.8044
1.8009
1.7975
1.7941
1.7906
1.7872
1.7838
1.7804
1.7769
1.7735
1.7701
1.7668
1.7634
1.76
1.7566
1.7532
1.7499
1.7465
1.7432
1.7398
1.7365
1.7331
1.7298
1.7265
1.7232
1.7199
1.7166
1.7133
1.71
1.7067
1.7034
1.7001
1.6968
1.6936
1.6903
1.687
1.6838
1.6805
1.6773
1.6741
1.6708
1.6676
1.6644
1.6612
1.658
1.6548
1.6516
1.6484
1.6452
1.642
1.6389
1.6357
1.6325
1.6294
1.6262
1.6231
1.6199
1.6168
1.6137
1.6105
1.6074
1.6043
1.6012
1.5981
1.595
1.5919
1.5888
1.5857
1.5827
1.5796
1.5765
1.5735
1.5704
1.5674
1.5643
1.5613
1.5582
1.5552
1.5522
1.5492
1.5462
1.5432
1.5402
1.5372
1.5342
1.5312
1.5282
1.5252
1.5223
1.5193
1.5163
1.5134
1.5104
1.5075
1.5045
1.5016
1.4987
1.4957
1.4928
1.4899
1.487
1.4841
1.4812
1.4783
1.4754
1.4725
1.4697
1.4668
1.4639
1.4611
1.4582
1.4554
1.4525
1.4497
1.4468
1.444
1.4412
1.4383
1.4355
1.4327
1.4299
1.4271
1.4243
1.4215
1.4187
1.4159
1.4132
1.4104
1.4076
1.4049
1.4021
1.3994
1.3966
1.3939
1.3911
1.3884
1.3857
1.3829
1.3802
1.3775
1.3748
1.3721
1.3694
1.3667
1.364
1.3613
1.3587
1.356
1.3533
1.3506
1.348
1.3453
1.3427
1.34
1.3374
1.3348
1.3321
1.3295
1.3269
1.3243
1.3216
1.319
1.3164
1.3138
1.3112
1.3087
1.3061
1.3035
1.3009
1.2983
1.2958
1.2932
1.2907
1.2881
1.2856
1.283
1.2805
1.2779
1.2754
1.2729
1.2704
1.2679
1.2654
1.2628
1.2603
1.2578
1.2554
1.2529
1.2504
