0
8.7652e-09
1.3986e-07
7.0612e-07
2.2256e-06
5.4189e-06
1.1206e-05
2.0704e-05
3.5225e-05
5.6269e-05
8.553e-05
0.00012488
0.00017639
0.0002423
0.00032501
0.00042714
0.00055145
0.00070087
0.00087851
0.0010876
0.0013317
0.0016143
0.0019391
0.0023102
0.0027314
0.0032072
0.0037417
0.0043395
0.0050053
0.0057438
0.0065601
0.007459
0.0084459
0.009526
0.010705
0.011988
0.013381
0.01489
0.016521
0.018279
0.020172
0.022205
0.024385
0.026718
0.02921
0.03187
0.034703
0.037716
0.040916
0.044311
0.047908
0.051714
0.055736
0.059982
0.06446
0.069177
0.074141
0.079359
0.08484
0.090591
0.096621
0.10294
0.10955
0.11646
0.12369
0.13124
0.13911
0.14732
0.15588
0.16479
0.17406
0.18371
0.19373
0.20414
0.21495
0.22617
0.2378
0.24986
0.26235
0.27529
0.28867
0.30252
0.31683
0.33163
0.34691
0.36269
0.37898
0.39579
0.41312
0.43098
0.44939
0.46835
0.48788
0.50798
0.52865
0.54993
0.5718
0.59428
0.61738
0.64111
0.66547
0.69049
0.71616
0.7425
0.76951
0.79721
0.8256
0.8547
0.88451
0.91505
0.94631
0.97832
1.0111
1.0446
1.0789
1.1139
1.1498
1.1865
1.2239
1.2622
1.3013
1.3412
1.382
1.4236
1.4661
1.5094
1.5537
1.5988
1.6448
1.6917
1.7396
1.7883
1.838
1.8886
1.9402
1.9927
2.0462
2.1007
2.1561
2.2126
2.27
2.3285
2.3879
2.4484
2.5099
2.5725
2.6361
2.7007
2.7664
2.8332
2.9011
2.97
3.0401
3.1112
3.1835
3.2568
3.3313
3.4069
3.4837
3.5616
3.6406
3.7208
3.8022
3.8847
3.9685
4.0534
4.1394
4.2267
4.3152
4.4049
4.4958
4.588
4.6813
4.7759
4.8718
4.9689
5.0672
5.1668
5.2677
5.3698
5.4732
5.5778
5.6838
5.791
5.8996
6.0094
6.1206
6.233
6.3468
6.4618
6.5782
6.696
6.815
6.9354
7.0571
7.1802
7.3046
7.4304
7.5575
7.6859
7.8158
7.947
8.0795
8.2135
8.3488
8.4855
8.6235
8.763
8.9038
9.046
9.1896
9.3346
9.481
9.6288
9.778
9.9286
10.081
10.234
10.389
10.545
10.703
10.862
11.022
11.184
11.347
11.512
11.678
11.846
12.015
12.185
12.357
12.53
12.705
12.881
13.058
13.237
13.417
13.599
13.782
13.967
14.153
14.34
14.529
14.719
14.911
15.104
15.299
15.494
15.692
15.891
16.091
16.292
16.495
16.7
16.905
17.113
17.321
17.531
17.743
17.955
18.17
18.385
18.602
18.821
19.04
19.261
19.484
19.708
19.933
20.16
20.388
20.617
20.848
21.08
21.313
21.548
21.784
22.022
22.26
22.5
22.742
22.985
23.229
23.474
23.721
23.969
24.218
24.469
24.721
24.974
25.229
25.485
25.742
26
26.26
26.521
26.783
27.047
27.311
27.577
27.844
28.113
28.382
28.653
28.925
29.199
29.473
29.749
30.026
30.304
30.583
30.863
31.145
31.428
31.712
31.997
32.283
32.57
32.859
33.148
33.439
33.731
34.024
34.318
34.613
34.909
35.207
35.505
35.805
36.105
36.407
36.709
37.013
37.318
37.623
37.93
38.238
38.547
38.856
39.167
39.479
39.791
40.105
40.42
40.735
41.052
41.369
41.687
42.007
42.327
42.648
42.97
43.293
43.616
43.941
44.267
44.593
44.92
45.248
45.577
45.907
46.237
46.568
46.901
47.233
47.567
47.902
48.237
48.573
48.91
49.247
49.585
49.924
50.264
50.604
50.945
51.287
51.629
51.973
52.316
52.661
53.006
53.352
53.698
54.045
54.393
54.741
55.09
55.439
55.789
56.14
56.491
56.842
57.195
57.547
57.901
58.255
58.609
58.964
59.319
59.675
60.031
60.388
60.745
61.103
61.461
61.82
62.179
62.538
62.898
63.258
63.619
63.98
64.341
64.703
65.065
65.428
65.791
66.154
66.517
66.881
67.245
67.61
67.974
68.339
68.704
69.07
69.436
69.802
70.168
70.535
70.901
71.268
71.635
72.003
72.37
72.738
73.106
73.474
73.842
74.211
74.579
74.948
75.317
75.685
76.054
76.424
76.793
77.162
77.531
77.901
78.27
78.64
79.009
79.379
79.749
80.118
80.488
80.858
81.227
81.597
81.966
82.336
82.706
83.075
83.445
83.814
84.183
84.553
84.922
85.291
85.66
86.029
86.398
86.766
87.135
87.503
87.871
88.239
88.607
88.975
89.343
89.71
90.077
90.445
90.811
91.178
91.544
91.911
92.277
92.642
93.008
93.373
93.738
94.103
94.467
94.831
95.195
95.559
95.922
96.285
96.648
97.01
97.372
97.734
98.095
98.456
98.817
99.177
99.537
99.896
100.26
100.61
100.97
101.33
101.69
102.05
102.4
102.76
103.11
103.47
103.82
104.18
104.53
104.89
105.24
105.59
105.95
106.3
106.65
107
107.35
107.7
108.05
108.4
108.75
109.09
109.44
109.79
110.13
110.48
110.82
111.17
111.51
111.86
112.2
112.54
112.88
113.22
113.56
113.9
114.24
114.58
114.92
115.26
115.59
115.93
116.26
116.6
116.93
117.27
117.6
117.93
118.26
118.59
118.92
119.25
119.58
119.91
120.24
120.56
120.89
121.21
121.54
121.86
122.19
122.51
122.83
123.15
123.47
123.79
124.11
124.43
124.74
125.06
125.38
125.69
126.01
126.32
126.63
126.94
127.25
127.56
127.87
128.18
128.49
128.8
129.1
129.41
129.71
130.02
130.32
130.62
130.92
131.22
131.52
131.82
132.12
132.42
132.72
133.01
133.31
133.6
133.89
134.18
134.48
134.77
135.06
135.34
135.63
135.92
136.2
136.49
136.77
137.06
137.34
137.62
137.9
138.18
138.46
138.74
139.02
139.29
139.57
139.84
140.12
140.39
140.66
140.93
141.2
141.47
141.74
142
142.27
142.54
142.8
143.06
143.33
143.59
143.85
144.11
144.37
144.62
144.88
145.14
145.39
145.65
145.9
146.15
146.4
146.65
146.9
147.15
147.4
147.64
147.89
148.13
148.38
148.62
148.86
149.1
149.34
149.58
149.82
150.05
150.29
150.52
150.76
150.99
151.22
151.45
151.68
151.91
152.14
152.36
152.59
152.81
153.04
153.26
153.48
153.7
153.92
154.14
154.36
154.58
154.79
155.01
155.22
155.43
155.65
155.86
156.07
156.28
156.48
156.69
156.9
157.1
157.3
157.51
157.71
157.91
158.11
158.31
158.51
158.7
158.9
159.09
159.29
159.48
159.67
159.86
160.05
160.24
160.43
160.62
160.8
160.99
161.17
161.35
161.54
161.72
161.9
162.08
162.25
162.43
162.61
162.78
162.96
163.13
163.3
163.47
163.64
163.81
163.98
164.14
164.31
164.47
164.64
164.8
164.96
165.12
165.28
165.44
165.6
165.76
165.91
166.07
166.22
166.38
166.53
166.68
166.83
166.98
167.13
167.27
167.42
167.56
167.71
167.85
167.99
168.13
168.27
168.41
168.55
168.69
168.82
168.96
169.09
169.23
169.36
169.49
169.62
169.75
169.88
170.01
170.13
170.26
170.38
170.51
170.63
170.75
170.87
170.99
171.11
171.23
171.35
171.46
171.58
171.69
171.8
171.92
172.03
172.14
172.25
172.35
172.46
172.57
172.67
172.78
172.88
172.98
173.09
173.19
173.29
173.39
173.48
173.58
173.68
173.77
173.87
173.96
174.05
174.14
174.23
174.32
174.41
174.5
174.59
174.67
174.76
174.84
174.93
175.01
175.09
175.17
175.25
175.33
175.41
175.48
175.56
175.64
175.71
175.78
175.86
175.93
176
176.07
176.14
176.21
176.27
176.34
176.4
176.47
176.53
176.6
176.66
176.72
176.78
176.84
176.9
176.95
177.01
177.07
177.12
177.18
177.23
177.28
177.33
177.39
177.44
177.48
177.53
177.58
177.63
177.67
177.72
177.76
177.81
177.85
177.89
177.93
177.97
178.01
178.05
178.09
178.12
178.16
178.19
178.23
178.26
178.29
178.33
178.36
178.39
178.42
178.45
178.47
178.5
178.53
178.55
178.58
178.6
178.62
178.65
178.67
178.69
178.71
178.73
178.75
178.76
178.78
178.8
178.81
178.83
178.84
178.86
178.87
178.88
178.89
178.9
178.91
178.92
178.93
178.93
178.94
178.95
178.95
178.96
178.96
178.96
178.96
178.96
178.97
178.97
178.96
178.96
178.96
178.96
178.95
178.95
178.94
178.94
178.93
178.93
178.92
178.91
178.9
178.89
178.88
178.87
178.86
178.84
178.83
178.82
178.8
178.79
178.77
178.75
178.73
178.72
178.7
178.68
178.66
178.64
178.62
178.59
178.57
178.55
178.52
178.5
178.47
178.45
178.42
178.39
178.37
178.34
178.31
178.28
178.25
178.22
178.19
178.15
178.12
178.09
178.05
178.02
177.98
177.95
177.91
177.87
177.84
177.8
177.76
177.72
177.68
177.64
177.6
177.55
177.51
177.47
177.42
177.38
177.34
177.29
177.24
177.2
177.15
177.1
177.05
177.01
176.96
176.91
176.86
176.8
176.75
176.7
176.65
176.59
176.54
176.49
176.43
176.38
176.32
176.26
176.21
176.15
176.09
176.03
175.97
175.91
175.85
175.79
175.73
175.67
175.61
175.54
175.48
175.41
175.35
175.29
175.22
175.15
175.09
175.02
174.95
174.89
174.82
174.75
174.68
174.61
174.54
174.47
174.4
174.32
174.25
174.18
174.11
174.03
173.96
173.88
173.81
173.73
173.66
173.58
173.5
173.43
173.35
173.27
173.19
173.11
173.03
172.95
172.87
172.79
172.71
172.63
172.55
172.46
172.38
172.3
172.21
172.13
172.04
171.96
171.87
171.79
171.7
171.61
171.52
171.44
171.35
171.26
171.17
171.08
170.99
170.9
170.81
170.72
170.63
170.54
170.45
170.35
170.26
170.17
170.07
169.98
169.88
169.79
169.69
169.6
169.5
169.41
169.31
169.21
169.12
169.02
168.92
168.82
168.72
168.62
168.52
168.42
168.32
168.22
168.12
168.02
167.92
167.82
167.71
167.61
167.51
167.4
167.3
167.2
167.09
166.99
166.88
166.78
166.67
166.57
166.46
166.35
166.25
166.14
166.03
165.92
165.81
165.71
165.6
165.49
165.38
165.27
165.16
165.05
164.94
164.83
164.72
164.6
164.49
164.38
164.27
164.15
164.04
163.93
163.81
163.7
163.59
163.47
163.36
163.24
163.13
163.01
162.9
162.78
162.66
162.55
162.43
162.31
162.2
162.08
161.96
161.84
161.72
161.61
161.49
161.37
161.25
161.13
161.01
160.89
160.77
160.65
160.53
160.41
160.28
160.16
160.04
159.92
159.8
159.67
159.55
159.43
159.31
159.18
159.06
158.94
158.81
158.69
158.56
158.44
158.31
158.19
158.06
157.94
157.81
157.69
157.56
157.43
157.31
157.18
157.05
156.93
156.8
156.67
156.54
156.41
156.29
156.16
156.03
155.9
155.77
155.64
155.51
155.38
155.25
155.12
154.99
154.86
154.73
154.6
154.47
154.34
154.21
154.08
153.95
153.82
153.69
153.55
153.42
153.29
153.16
153.02
152.89
152.76
152.63
152.49
152.36
152.23
152.09
151.96
151.83
151.69
151.56
151.42
151.29
151.15
151.02
150.88
150.75
150.61
150.48
150.34
150.21
150.07
149.94
149.8
149.66
149.53
149.39
149.25
149.12
148.98
148.84
148.71
148.57
148.43
148.3
148.16
148.02
147.88
147.75
147.61
147.47
147.33
147.19
147.06
146.92
146.78
146.64
146.5
146.36
146.22
146.08
145.95
145.81
145.67
145.53
145.39
145.25
145.11
144.97
144.83
144.69
144.55
144.41
144.27
144.13
143.99
143.85
143.71
143.57
143.42
143.28
143.14
143
142.86
142.72
142.58
142.44
142.3
142.15
142.01
141.87
141.73
141.59
141.45
141.3
141.16
141.02
140.88
140.74
140.59
140.45
140.31
140.17
140.03
139.88
139.74
139.6
139.46
139.31
139.17
139.03
138.88
138.74
138.6
138.46
138.31
138.17
138.03
137.88
137.74
137.6
137.45
137.31
137.17
137.02
136.88
136.74
136.59
136.45
136.31
136.16
136.02
135.88
135.73
135.59
135.44
135.3
135.16
135.01
134.87
134.73
134.58
134.44
134.29
134.15
134.01
133.86
133.72
133.57
133.43
133.29
133.14
133
132.85
132.71
132.56
132.42
132.28
132.13
131.99
131.84
131.7
131.56
131.41
131.27
131.12
130.98
130.83
130.69
130.55
130.4
130.26
130.11
129.97
129.82
129.68
129.54
129.39
129.25
129.1
128.96
128.81
128.67
128.53
128.38
128.24
128.09
127.95
127.8
127.66
127.52
127.37
127.23
127.08
126.94
126.8
126.65
126.51
126.36
126.22
126.08
125.93
125.79
125.64
125.5
125.36
125.21
125.07
124.92
124.78
124.64
124.49
124.35
124.2
124.06
123.92
123.77
123.63
123.49
123.34
123.2
123.06
122.91
122.77
122.63
122.48
122.34
122.2
122.05
121.91
121.77
121.62
121.48
121.34
121.19
121.05
120.91
120.76
120.62
120.48
120.34
120.19
120.05
119.91
119.76
119.62
119.48
119.34
119.19
119.05
118.91
118.77
118.62
118.48
118.34
118.2
118.06
117.91
117.77
117.63
117.49
117.35
117.2
117.06
116.92
116.78
116.64
116.5
116.35
116.21
116.07
115.93
115.79
115.65
115.51
115.37
115.22
115.08
114.94
114.8
114.66
114.52
114.38
114.24
114.1
113.96
113.82
113.68
113.54
113.4
113.26
113.12
112.98
112.84
112.7
112.56
112.42
112.28
112.14
112
111.86
111.72
111.58
111.44
111.3
111.16
111.02
110.88
110.75
110.61
110.47
110.33
110.19
110.05
109.91
109.77
109.64
109.5
109.36
109.22
109.08
108.95
108.81
108.67
108.53
108.39
108.26
108.12
107.98
107.85
107.71
107.57
107.43
107.3
107.16
107.02
106.89
106.75
106.61
106.48
106.34
106.2
106.07
105.93
105.79
105.66
105.52
105.39
105.25
105.12
104.98
104.84
104.71
104.57
104.44
104.3
104.17
104.03
103.9
103.76
103.63
103.49
103.36
103.23
103.09
102.96
102.82
102.69
102.55
102.42
102.29
102.15
102.02
101.89
101.75
101.62
101.49
101.35
101.22
101.09
100.95
100.82
100.69
100.56
100.42
100.29
100.16
100.03
99.894
99.762
99.63
99.498
99.366
99.235
99.103
98.972
98.84
98.709
98.578
98.447
98.316
98.185
98.054
97.924
97.793
97.663
97.532
97.402
97.272
97.142
97.012
96.882
96.752
96.623
96.493
96.364
96.235
96.105
95.976
95.847
95.718
95.589
95.461
95.332
95.204
95.075
94.947
94.819
94.691
94.563
94.435
94.307
94.179
94.052
93.924
93.797
93.67
93.543
93.416
93.289
93.162
93.035
92.909
92.782
92.656
92.529
92.403
92.277
92.151
92.025
91.9
91.774
91.649
91.523
91.398
91.273
91.148
91.023
90.898
90.773
90.648
90.524
90.399
90.275
90.151
90.027
89.903
89.779
89.655
89.531
89.408
89.285
89.161
89.038
88.915
88.792
88.669
88.546
88.424
88.301
88.179
88.056
87.934
87.812
87.69
87.568
87.447
87.325
87.203
87.082
86.961
86.84
86.719
86.598
86.477
86.356
86.235
86.115
85.995
85.874
85.754
85.634
85.514
85.394
85.275
85.155
85.036
84.916
84.797
84.678
84.559
84.44
84.321
84.203
84.084
83.966
83.848
83.729
83.611
83.493
83.376
83.258
83.14
83.023
82.905
82.788
82.671
82.554
82.437
82.32
82.204
82.087
81.971
81.854
81.738
81.622
81.506
81.39
81.275
81.159
81.043
80.928
80.813
80.698
80.583
80.468
80.353
80.238
80.124
80.009
79.895
79.781
79.667
79.553
79.439
79.325
79.212
79.098
78.985
78.872
78.758
78.645
78.532
78.42
78.307
78.195
78.082
77.97
77.858
77.746
77.634
77.522
77.41
77.299
77.187
77.076
76.965
76.853
76.742
76.632
76.521
76.41
76.3
76.189
76.079
75.969
75.859
75.749
75.639
75.529
75.42
75.31
75.201
75.092
74.983
74.874
74.765
74.656
74.548
74.439
74.331
74.223
74.115
74.007
73.899
73.791
73.683
73.576
73.468
73.361
73.254
73.147
73.04
72.933
72.827
72.72
72.614
72.507
72.401
72.295
72.189
72.083
71.977
71.872
71.766
71.661
71.556
71.451
71.346
71.241
71.136
71.031
70.927
70.822
70.718
70.614
70.51
70.406
70.302
70.199
70.095
69.992
69.888
69.785
69.682
69.579
69.476
69.373
69.271
69.168
69.066
68.964
68.862
68.76
68.658
68.556
68.454
68.353
68.251
68.15
68.049
67.948
67.847
67.746
67.645
67.545
67.444
67.344
67.244
67.144
67.044
66.944
66.844
66.744
66.645
66.545
66.446
66.347
66.248
66.149
66.05
65.952
65.853
65.755
65.656
65.558
65.46
65.362
65.264
65.166
65.069
64.971
64.874
64.777
64.679
64.582
64.486
64.389
64.292
64.196
64.099
64.003
63.907
63.811
63.715
63.619
63.523
63.427
63.332
63.237
63.141
63.046
62.951
62.856
62.761
62.667
62.572
62.478
62.383
62.289
62.195
62.101
62.007
61.914
61.82
61.726
61.633
61.54
61.447
61.354
61.261
61.168
61.075
60.983
60.89
60.798
60.706
60.613
60.521
60.43
60.338
60.246
60.155
60.063
59.972
59.881
59.79
59.699
59.608
59.517
59.427
59.336
59.246
59.155
59.065
58.975
58.885
58.796
58.706
