0
1.8836e-12
6.0137e-11
4.5561e-10
1.9155e-09
5.8321e-09
1.4479e-08
3.1222e-08
6.0731e-08
1.0919e-07
1.8448e-07
2.9642e-07
4.5693e-07
6.8023e-07
9.8304e-07
1.3848e-06
1.9077e-06
2.5773e-06
3.4219e-06
4.4738e-06
5.7683e-06
7.345e-06
9.247e-06
1.1522e-05
1.4221e-05
1.7401e-05
2.1122e-05
2.5449e-05
3.0454e-05
3.621e-05
4.28e-05
5.0308e-05
5.8826e-05
6.8451e-05
7.9286e-05
9.1439e-05
0.00010503
0.00012017
0.00013699
0.00015562
0.00017622
0.00019891
0.00022386
0.00025122
0.00028117
0.00031387
0.00034951
0.00038828
0.00043038
0.00047601
0.00052537
0.0005787
0.00063622
0.00069816
0.00076476
0.00083628
0.00091298
0.00099513
0.001083
0.0011769
0.001277
0.0013838
0.0014975
0.0016184
0.0017469
0.0018833
0.0020279
0.0021811
0.0023432
0.0025147
0.0026959
0.0028873
0.0030891
0.0033018
0.0035259
0.0037618
0.0040098
0.0042705
0.0045443
0.0048317
0.0051331
0.0054491
0.0057801
0.0061266
0.0064892
0.0068684
0.0072646
0.0076786
0.0081107
0.0085616
0.0090319
0.0095221
0.010033
0.010565
0.011118
0.011694
0.012293
0.012916
0.013563
0.014235
0.014932
0.015656
0.016407
0.017185
0.017992
0.018828
0.019694
0.020591
0.021519
0.022479
0.023472
0.024499
0.02556
0.026657
0.027789
0.028959
0.030166
0.031412
0.032697
0.034023
0.035389
0.036798
0.03825
0.039745
0.041285
0.042871
0.044504
0.046184
0.047912
0.04969
0.051518
0.053397
0.055329
0.057314
0.059354
0.061448
0.063599
0.065808
0.068075
0.070401
0.072787
0.075235
0.077746
0.080321
0.08296
0.085665
0.088437
0.091277
0.094186
0.097165
0.10022
0.10334
0.10654
0.10981
0.11316
0.11658
0.12009
0.12367
0.12733
0.13108
0.13491
0.13882
0.14282
0.14691
0.15108
0.15534
0.1597
0.16414
0.16868
0.17331
0.17804
0.18287
0.18779
0.19282
0.19794
0.20316
0.20849
0.21393
0.21947
0.22512
0.23087
0.23674
0.24271
0.2488
0.25501
0.26133
0.26776
0.27432
0.28099
0.28779
0.2947
0.30174
0.30891
0.3162
0.32362
0.33117
0.33885
0.34666
0.35461
0.36269
0.3709
0.37926
0.38775
0.39638
0.40516
0.41408
0.42314
0.43235
0.44171
0.45121
0.46087
0.47068
0.48064
0.49076
0.50104
0.51147
0.52206
0.53281
0.54372
0.5548
0.56605
0.57746
0.58903
0.60078
0.6127
0.62479
0.63705
0.6495
0.66211
0.67491
0.68788
0.70104
0.71438
0.7279
0.74161
0.75551
0.76959
0.78387
0.79834
0.813
0.82785
0.8429
0.85815
0.87359
0.88924
0.90509
0.92114
0.9374
0.95386
0.97053
0.98741
1.0045
1.0218
1.0393
1.0571
1.075
1.0932
1.1115
1.1302
1.149
1.168
1.1873
1.2068
1.2265
1.2465
1.2667
1.2871
1.3078
1.3287
1.3498
1.3711
1.3927
1.4146
1.4367
1.459
1.4816
1.5044
1.5275
1.5508
1.5743
1.5982
1.6222
1.6466
1.6711
1.696
1.7211
1.7464
1.772
1.7979
1.8241
1.8505
1.8771
1.9041
1.9313
1.9588
1.9865
2.0145
2.0428
2.0714
2.1002
2.1294
2.1588
2.1884
2.2184
2.2487
2.2792
2.31
2.3411
2.3725
2.4042
2.4361
2.4684
2.501
2.5338
2.5669
2.6004
2.6341
2.6681
2.7025
2.7371
2.772
2.8072
2.8428
2.8786
2.9148
2.9512
2.988
3.0251
3.0624
3.1001
3.1381
3.1764
3.2151
3.254
3.2933
3.3329
3.3728
3.413
3.4535
3.4944
3.5356
3.5771
3.6189
3.661
3.7035
3.7463
3.7895
3.8329
3.8767
3.9209
3.9653
4.0101
4.0552
4.1007
4.1465
4.1926
4.2391
4.2859
4.333
4.3805
4.4283
4.4765
4.525
4.5738
4.623
4.6725
4.7224
4.7726
4.8232
4.8741
4.9254
4.977
5.0289
5.0812
5.1339
5.1869
5.2403
5.294
5.348
5.4025
5.4572
5.5124
5.5678
5.6237
5.6799
5.7364
5.7934
5.8506
5.9083
5.9662
6.0246
6.0833
6.1424
6.2018
6.2616
6.3218
6.3823
6.4432
6.5044
6.5661
6.628
6.6904
6.7531
6.8162
6.8796
6.9434
7.0076
7.0721
7.1371
7.2024
7.268
7.334
7.4004
7.4672
7.5343
7.6018
7.6697
7.7379
7.8066
7.8756
7.9449
8.0147
8.0848
8.1552
8.2261
8.2973
8.3689
8.4409
8.5133
8.586
8.6591
8.7325
8.8064
8.8806
8.9552
9.0302
9.1055
9.1813
9.2574
9.3338
9.4107
9.4879
9.5655
9.6435
9.7219
9.8006
9.8797
9.9592
10.039
10.119
10.2
10.281
10.362
10.444
10.526
10.609
10.691
10.775
10.858
10.942
11.027
11.112
11.197
11.282
11.368
11.454
11.541
11.628
11.715
11.803
11.891
11.98
12.069
12.158
12.247
12.338
12.428
12.519
12.61
12.701
12.793
12.885
12.978
13.071
13.164
13.258
13.352
13.447
13.542
13.637
13.732
13.828
13.925
14.021
14.118
14.216
14.314
14.412
14.51
14.609
14.709
14.808
14.908
15.009
15.109
15.211
15.312
15.414
15.516
15.619
15.722
15.825
15.929
16.033
16.137
16.242
16.347
16.452
16.558
16.664
16.771
16.878
16.985
17.093
17.201
17.309
17.418
17.527
17.636
17.746
17.856
17.966
18.077
18.188
18.3
18.412
18.524
18.636
18.749
18.863
18.976
19.09
19.204
19.319
19.434
19.549
19.665
19.781
19.897
20.014
20.131
20.249
20.366
20.484
20.603
20.722
20.841
20.96
21.08
21.2
21.32
21.441
21.562
21.684
21.805
21.927
22.05
22.173
22.296
22.419
22.543
22.667
22.791
22.916
23.041
23.166
23.292
23.418
23.544
23.671
23.798
23.925
24.053
24.181
24.309
24.437
24.566
24.695
24.825
24.955
25.085
25.215
25.346
25.477
25.608
25.74
25.872
26.004
26.137
26.27
26.403
26.536
26.67
26.804
26.938
27.073
27.208
27.343
27.479
27.615
27.751
27.887
28.024
28.161
28.298
28.436
28.574
28.712
28.851
28.989
29.128
29.268
29.407
29.547
29.687
29.828
29.969
30.11
30.251
30.392
30.534
30.676
30.819
30.961
31.104
31.248
31.391
31.535
31.679
31.823
31.968
32.112
32.257
32.403
32.548
32.694
32.84
32.987
33.133
33.28
33.427
33.575
33.723
33.87
34.019
34.167
34.316
34.465
34.614
34.763
34.913
35.063
35.213
35.363
35.514
35.665
35.816
35.967
36.119
36.271
36.423
36.575
36.728
36.88
37.033
37.187
37.34
37.494
37.648
37.802
37.956
38.111
38.266
38.421
38.576
38.731
38.887
39.043
39.199
39.356
39.512
39.669
39.826
39.983
40.141
40.298
40.456
40.614
40.773
40.931
41.09
41.249
41.408
41.567
41.726
41.886
42.046
42.206
42.367
42.527
42.688
42.849
43.01
43.171
43.332
43.494
43.656
43.818
43.98
44.143
44.305
44.468
44.631
44.794
44.957
45.121
45.285
45.448
45.612
45.777
45.941
46.106
46.27
46.435
46.6
46.766
46.931
47.097
47.262
47.428
47.594
47.761
47.927
48.094
48.26
48.427
48.594
48.761
48.929
49.096
49.264
49.432
49.6
49.768
49.936
50.105
50.273
50.442
50.611
50.78
50.949
51.118
51.288
51.457
51.627
51.797
51.967
52.137
52.307
52.478
52.648
52.819
52.99
53.161
53.332
53.503
53.675
53.846
54.018
54.189
54.361
54.533
54.705
54.877
55.05
55.222
55.395
55.568
55.74
55.913
56.086
56.259
56.433
56.606
56.78
56.953
57.127
57.301
57.475
57.649
57.823
57.997
58.171
58.346
58.52
58.695
58.87
59.045
59.22
59.395
59.57
59.745
59.92
60.096
60.271
60.447
60.623
60.798
60.974
61.15
61.326
61.502
61.679
61.855
62.031
62.208
62.384
62.561
62.738
62.914
63.091
63.268
63.445
63.622
63.799
63.977
64.154
64.331
64.509
64.686
64.864
65.041
65.219
65.397
65.575
65.753
65.931
66.109
66.287
66.465
66.643
66.821
67
67.178
67.356
67.535
67.713
67.892
68.071
68.249
68.428
68.607
68.786
68.965
69.144
69.322
69.502
69.681
69.86
70.039
70.218
70.397
70.577
70.756
70.935
71.115
71.294
71.474
71.653
71.833
72.012
72.192
72.371
72.551
72.731
72.911
73.09
73.27
73.45
73.63
73.81
73.99
74.169
74.349
74.529
74.709
74.889
75.069
75.249
75.429
75.609
75.79
75.97
76.15
76.33
76.51
76.69
76.87
77.051
77.231
77.411
77.591
77.771
77.952
78.132
78.312
78.492
78.673
78.853
79.033
79.213
79.394
79.574
79.754
79.935
80.115
80.295
80.475
80.656
80.836
81.016
81.196
81.377
81.557
81.737
81.917
82.097
82.278
82.458
82.638
82.818
82.998
83.178
83.358
83.539
83.719
83.899
84.079
84.259
84.439
84.619
84.799
84.979
85.159
85.339
85.518
85.698
85.878
86.058
86.238
86.417
86.597
86.777
86.957
87.136
87.316
87.496
87.675
87.855
88.034
88.214
88.393
88.572
88.752
88.931
89.11
89.29
89.469
89.648
89.827
90.006
90.185
90.365
90.544
90.722
90.901
91.08
91.259
91.438
91.617
91.795
91.974
92.153
92.331
92.51
92.688
92.867
93.045
93.223
93.401
93.58
93.758
93.936
94.114
94.292
94.47
94.648
94.826
95.004
95.181
95.359
95.537
95.714
95.892
96.069
96.247
96.424
96.601
96.778
96.956
97.133
97.31
97.487
97.664
97.84
98.017
98.194
98.371
98.547
98.724
98.9
99.076
99.253
99.429
99.605
99.781
99.957
100.13
100.31
100.49
100.66
100.84
101.01
101.19
101.36
101.54
101.71
101.89
102.06
102.24
102.41
102.59
102.76
102.94
103.11
103.29
103.46
103.64
103.81
103.99
104.16
104.33
104.51
104.68
104.86
105.03
105.2
105.38
105.55
105.72
105.9
106.07
106.24
106.42
106.59
106.76
106.94
107.11
107.28
107.45
107.63
107.8
107.97
108.14
108.32
108.49
108.66
108.83
109
109.18
109.35
109.52
109.69
109.86
110.03
110.2
110.37
110.55
110.72
110.89
111.06
111.23
111.4
111.57
111.74
111.91
112.08
112.25
112.42
112.59
112.76
112.93
113.1
113.27
113.44
113.61
113.77
113.94
114.11
114.28
114.45
114.62
114.79
114.95
115.12
115.29
115.46
115.63
115.79
115.96
116.13
116.3
116.46
116.63
116.8
116.97
117.13
117.3
117.47
117.63
117.8
117.96
118.13
118.3
118.46
118.63
118.79
118.96
119.13
119.29
119.46
119.62
119.79
119.95
120.12
120.28
120.45
120.61
120.78
120.94
121.1
121.27
121.43
121.6
121.76
121.92
122.09
122.25
122.41
122.58
122.74
122.9
123.06
123.23
123.39
123.55
123.71
123.88
124.04
124.2
124.36
124.52
124.68
124.85
125.01
125.17
125.33
125.49
125.65
125.81
125.97
126.13
126.29
126.45
126.61
126.77
126.93
127.09
127.25
127.41
127.57
127.73
127.89
128.05
128.21
128.36
128.52
128.68
128.84
129
129.16
129.31
129.47
129.63
129.79
129.94
130.1
130.26
130.41
130.57
130.73
130.88
131.04
131.2
131.35
131.51
131.67
131.82
131.98
132.13
132.29
132.44
132.6
132.75
132.91
133.06
133.22
133.37
133.53
133.68
133.83
133.99
134.14
134.3
134.45
134.6
134.76
134.91
135.06
135.21
135.37
135.52
135.67
135.82
135.98
136.13
136.28
136.43
136.58
136.73
136.89
137.04
137.19
137.34
137.49
137.64
137.79
137.94
138.09
138.24
138.39
138.54
138.69
138.84
138.99
139.14
139.29
139.44
139.59
139.73
139.88
140.03
140.18
140.33
140.48
140.62
140.77
140.92
141.07
141.21
141.36
141.51
141.65
141.8
141.95
142.09
142.24
142.39
142.53
142.68
142.82
142.97
143.11
143.26
143.41
143.55
143.69
143.84
143.98
144.13
144.27
144.42
144.56
144.7
144.85
144.99
145.14
145.28
145.42
145.57
145.71
145.85
145.99
146.14
146.28
146.42
146.56
146.7
146.85
146.99
147.13
147.27
147.41
147.55
147.69
147.83
147.97
148.11
148.25
148.39
148.53
148.67
148.81
148.95
149.09
149.23
149.37
149.51
149.65
149.79
149.93
150.06
150.2
150.34
150.48
150.62
150.75
150.89
151.03
151.17
151.3
151.44
151.58
151.71
151.85
151.99
152.12
152.26
152.4
152.53
152.67
152.8
152.94
153.07
153.21
153.34
153.48
153.61
153.75
153.88
154.01
154.15
154.28
154.42
154.55
154.68
154.82
154.95
155.08
155.22
155.35
155.48
155.61
155.75
155.88
156.01
156.14
156.27
156.4
156.54
156.67
156.8
156.93
157.06
157.19
157.32
157.45
157.58
157.71
157.84
157.97
158.1
158.23
158.36
158.49
158.62
158.75
158.88
159
159.13
159.26
159.39
159.52
159.65
159.77
159.9
160.03
160.16
160.28
160.41
160.54
160.66
160.79
160.92
161.04
161.17
161.29
161.42
161.55
161.67
161.8
161.92
162.05
162.17
162.3
162.42
162.55
162.67
162.79
162.92
163.04
163.17
163.29
163.41
163.54
163.66
163.78
163.91
164.03
164.15
164.27
164.4
164.52
164.64
164.76
164.88
165.01
165.13
165.25
165.37
165.49
165.61
165.73
165.85
165.97
166.09
166.21
166.33
166.45
166.57
166.69
166.81
166.93
167.05
167.17
167.29
167.41
167.53
167.65
167.76
167.88
168
168.12
168.24
168.35
168.47
168.59
168.7
168.82
168.94
169.06
169.17
169.29
169.4
169.52
169.64
169.75
169.87
169.98
170.1
170.21
170.33
170.45
170.56
170.67
170.79
170.9
171.02
171.13
171.25
171.36
171.47
171.59
171.7
171.81
171.93
172.04
172.15
172.27
172.38
172.49
172.6
172.72
172.83
172.94
173.05
173.16
173.27
173.39
173.5
173.61
173.72
173.83
173.94
174.05
174.16
174.27
174.38
174.49
174.6
174.71
174.82
174.93
175.04
175.15
175.26
175.37
175.47
175.58
175.69
175.8
175.91
176.02
176.12
176.23
176.34
176.45
176.55
176.66
176.77
176.87
176.98
177.09
177.19
177.3
177.41
177.51
177.62
177.73
177.83
177.94
178.04
178.15
178.25
178.36
178.46
178.57
178.67
178.78
178.88
178.98
179.09
179.19
179.3
179.4
179.5
179.61
179.71
179.81
179.91
180.02
180.12
180.22
180.33
180.43
180.53
180.63
180.73
180.84
180.94
181.04
181.14
181.24
181.34
181.44
181.54
181.64
181.74
181.84
181.95
182.05
182.15
182.24
182.34
182.44
182.54
182.64
182.74
182.84
182.94
183.04
183.14
183.24
183.33
183.43
183.53
183.63
183.73
183.82
183.92
184.02
184.12
184.21
184.31
184.41
184.5
184.6
184.7
184.79
184.89
184.99
185.08
185.18
185.27
185.37
185.47
185.56
185.66
185.75
185.85
185.94
186.04
186.13
186.22
186.32
186.41
186.51
186.6
186.7
186.79
186.88
186.98
187.07
187.16
187.26
187.35
187.44
187.53
187.63
187.72
187.81
187.9
188
188.09
188.18
188.27
188.36
188.45
188.54
188.64
188.73
188.82
188.91
189
189.09
189.18
189.27
189.36
189.45
189.54
189.63
189.72
189.81
189.9
189.99
190.08
190.17
190.26
190.34
190.43
190.52
190.61
190.7
190.79
190.87
190.96
191.05
191.14
191.23
191.31
191.4
191.49
191.57
191.66
191.75
191.83
191.92
192.01
192.09
192.18
192.27
192.35
192.44
192.52
192.61
192.69
192.78
192.87
192.95
193.04
193.12
193.21
193.29
193.37
193.46
193.54
193.63
193.71
193.79
193.88
193.96
194.05
194.13
194.21
194.3
194.38
194.46
194.54
194.63
194.71
194.79
194.88
194.96
195.04
195.12
195.2
195.29
195.37
195.45
195.53
195.61
195.69
195.77
195.85
195.94
196.02
196.1
196.18
196.26
196.34
196.42
196.5
196.58
196.66
196.74
196.82
196.9
196.98
197.06
197.13
197.21
197.29
197.37
197.45
197.53
197.61
197.69
197.76
197.84
197.92
198
198.08
198.15
198.23
198.31
198.39
198.46
198.54
198.62
198.69
198.77
198.85
198.92
199
199.08
199.15
199.23
199.3
199.38
199.46
199.53
199.61
199.68
199.76
199.83
199.91
199.98
200.06
200.13
200.21
200.28
200.36
200.43
200.51
200.58
200.65
200.73
200.8
200.87
200.95
201.02
201.1
201.17
201.24
201.31
201.39
201.46
201.53
201.61
201.68
201.75
201.82
201.9
201.97
202.04
202.11
202.18
202.25
202.33
202.4
202.47
202.54
202.61
202.68
202.75
202.82
202.89
202.97
203.04
203.11
203.18
203.25
203.32
203.39
203.46
203.53
203.6
203.67
203.73
203.8
203.87
203.94
204.01
204.08
204.15
204.22
204.29
204.36
204.42
204.49
204.56
204.63
204.7
204.76
204.83
204.9
204.97
205.03
205.1
205.17
205.24
205.3
205.37
205.44
205.5
205.57
205.64
205.7
205.77
205.84
205.9
205.97
206.04
206.1
206.17
206.23
206.3
206.36
206.43
206.49
206.56
206.62
206.69
206.75
206.82
206.88
206.95
207.01
207.08
207.14
207.21
207.27
207.33
207.4
207.46
207.53
207.59
207.65
207.72
207.78
207.84
207.91
207.97
208.03
208.1
208.16
208.22
208.28
208.35
208.41
208.47
208.53
208.6
208.66
208.72
208.78
208.84
208.9
208.97
209.03
209.09
209.15
209.21
209.27
209.33
209.39
209.46
209.52
209.58
209.64
209.7
209.76
209.82
209.88
209.94
210
210.06
210.12
210.18
210.24
210.3
210.36
210.42
210.48
210.53
210.59
210.65
210.71
210.77
210.83
210.89
210.95
211
211.06
211.12
211.18
211.24
211.3
211.35
211.41
211.47
