400
398.1
396.21
394.33
392.46
390.59
388.74
386.89
385.06
383.23
381.41
379.61
377.81
376.02
374.23
372.46
370.7
368.94
367.19
365.45
363.72
362
360.29
358.59
356.89
355.2
353.52
351.85
350.19
348.53
346.89
345.25
343.62
341.99
340.38
338.77
337.17
335.58
334
332.42
330.86
329.3
327.74
326.2
324.66
323.13
321.61
320.1
318.59
317.09
315.6
314.11
312.63
311.16
309.7
308.24
306.8
305.35
303.92
302.49
301.07
299.66
298.25
296.85
295.46
294.07
292.69
291.32
289.95
288.59
287.24
285.9
284.56
283.22
281.9
280.58
279.26
277.96
276.66
275.36
274.08
272.8
271.52
270.25
268.99
267.73
266.48
265.24
264
262.77
261.54
260.32
259.11
257.9
256.7
255.5
254.31
253.13
251.95
250.78
249.61
248.45
247.29
246.14
245
243.86
242.73
241.6
240.48
239.36
238.25
237.14
236.04
234.95
233.86
232.77
231.69
230.62
229.55
228.49
227.43
226.38
225.33
224.29
223.25
222.22
221.19
220.17
219.15
218.14
217.13
216.13
215.13
214.14
213.15
212.17
211.19
210.22
209.25
208.28
207.32
206.37
205.42
204.47
203.53
202.6
201.66
200.74
199.82
198.9
197.98
197.08
196.17
195.27
194.37
193.48
192.6
191.71
190.83
189.96
189.09
188.23
187.36
186.51
185.65
184.8
183.96
183.12
182.28
181.45
180.62
179.8
178.98
178.16
177.35
176.54
175.74
174.93
174.14
173.35
172.56
171.77
170.99
170.21
169.44
168.67
167.9
167.14
166.38
165.63
164.88
164.13
163.38
162.64
161.91
161.17
160.44
159.72
158.99
158.28
157.56
156.85
156.14
155.43
154.73
154.03
153.34
152.65
151.96
151.27
150.59
149.91
149.24
148.57
147.9
147.23
146.57
145.91
145.26
144.6
143.96
143.31
142.67
142.03
141.39
140.76
140.13
139.5
138.87
138.25
137.63
137.02
136.41
135.8
135.19
134.59
133.99
133.39
132.79
132.2
131.61
131.03
130.44
129.86
129.28
128.71
128.14
127.57
127
126.44
125.87
125.32
124.76
124.21
123.66
123.11
122.56
122.02
121.48
120.94
120.41
119.88
119.35
118.82
118.3
117.77
117.26
116.74
116.22
115.71
115.2
114.7
114.19
113.69
113.19
112.69
112.2
111.71
111.22
110.73
110.24
109.76
109.28
108.8
108.32
107.85
107.38
106.91
106.44
105.98
105.52
105.05
104.6
104.14
103.69
103.24
102.79
102.34
101.89
101.45
101.01
100.57
100.14
99.702
99.27
98.839
98.411
97.985
97.561
97.139
96.719
96.301
95.885
95.471
95.059
94.649
94.242
93.835
93.431
93.029
92.629
92.231
91.834
91.44
91.047
90.657
90.268
89.881
89.496
89.112
88.731
88.351
87.974
87.598
87.223
86.851
86.48
86.112
85.745
85.379
85.016
84.654
84.294
83.935
83.579
83.224
82.871
82.519
82.169
81.821
81.475
81.13
80.786
80.445
80.105
79.767
79.43
79.095
78.761
78.429
78.099
77.77
77.443
77.117
76.793
76.471
76.15
75.83
75.512
75.196
74.881
74.568
74.256
73.945
73.637
73.329
73.023
72.718
72.415
72.114
71.813
71.515
71.217
70.921
70.627
70.334
70.042
69.752
69.463
69.175
68.889
68.604
68.32
68.038
67.757
67.478
67.2
66.923
66.647
66.373
66.1
65.828
65.558
65.289
65.021
64.755
64.489
64.225
63.963
63.701
63.441
63.182
62.924
62.667
62.412
62.158
61.905
61.653
61.403
61.153
60.905
60.658
60.412
60.167
59.924
59.682
59.44
59.2
58.961
58.723
58.487
58.251
58.017
57.783
57.551
57.32
57.09
56.861
56.633
56.406
56.18
55.955
55.732
55.509
55.288
55.067
54.848
54.629
54.412
54.195
53.98
53.766
53.552
53.34
53.129
52.918
52.709
52.5
52.293
52.087
51.881
51.677
51.473
51.271
51.069
50.868
50.669
50.47
50.272
50.075
49.879
49.684
49.49
49.296
49.104
48.913
48.722
48.532
48.344
48.156
47.969
47.783
47.597
47.413
47.229
47.047
46.865
46.684
46.504
46.324
46.146
45.968
45.792
45.616
45.44
45.266
45.093
44.92
44.748
44.577
44.407
44.237
44.068
43.9
43.733
43.567
43.401
43.236
43.072
42.909
42.747
42.585
42.424
42.264
42.104
41.945
41.787
41.63
41.473
41.317
41.162
41.008
40.854
40.701
40.549
40.397
40.247
40.096
39.947
39.798
39.65
39.503
39.356
39.21
39.065
38.92
38.776
38.633
38.49
38.348
38.206
38.066
37.926
37.786
37.647
37.509
37.372
37.235
37.099
36.963
36.828
36.694
36.56
36.427
36.294
36.163
36.031
35.901
35.771
35.641
35.512
35.384
35.256
35.129
35.003
34.877
34.751
34.627
34.502
34.379
34.256
34.133
34.011
33.89
33.769
33.649
33.529
33.41
33.291
33.173
33.056
32.939
32.822
32.706
32.591
32.476
32.361
32.248
32.134
32.022
31.909
31.798
31.686
31.576
31.465
31.356
31.246
31.138
31.029
30.922
30.814
30.708
30.601
30.496
30.39
30.285
30.181
30.077
29.974
29.871
29.768
29.666
29.565
29.464
29.363
29.263
29.163
29.064
28.965
28.867
28.769
28.672
28.575
28.478
28.382
28.286
28.191
28.096
28.002
27.908
27.814
27.721
27.628
27.536
27.444
27.353
27.262
27.171
27.081
26.991
26.902
26.813
26.724
26.636
26.548
26.461
26.374
26.287
26.201
26.115
26.03
25.944
25.86
25.775
25.692
25.608
25.525
25.442
25.36
25.278
25.196
25.115
25.034
24.953
24.873
24.793
24.713
24.634
24.555
24.477
24.399
24.321
24.244
24.167
24.09
24.014
23.938
23.862
23.787
23.712
23.637
23.563
23.489
23.415
23.342
23.269
23.196
23.123
23.051
22.98
22.908
22.837
22.766
22.696
22.626
22.556
22.486
22.417
22.348
22.28
22.211
22.143
22.076
22.008
21.941
21.874
21.808
21.742
21.676
21.61
21.545
21.48
21.415
21.351
21.287
21.223
21.159
21.096
21.033
20.97
20.907
20.845
20.783
20.722
20.66
20.599
20.538
20.478
20.417
20.357
20.297
20.238
20.179
20.12
20.061
20.002
19.944
19.886
19.829
19.771
19.714
19.657
19.6
19.544
19.488
19.432
19.376
19.32
19.265
19.21
19.155
19.101
19.047
18.993
18.939
18.885
18.832
18.779
18.726
18.673
18.621
18.569
18.517
18.465
18.414
18.362
18.311
18.26
18.21
18.159
18.109
18.059
18.01
17.96
17.911
17.862
17.813
17.764
17.716
17.667
17.619
17.572
17.524
17.477
17.429
17.382
17.336
17.289
17.243
17.196
17.15
17.105
17.059
17.014
16.968
16.923
16.879
16.834
16.79
16.745
16.701
16.658
16.614
16.57
16.527
16.484
16.441
16.398
16.356
16.313
16.271
16.229
16.187
16.146
16.104
16.063
16.022
15.981
15.94
15.9
15.859
15.819
15.779
15.739
15.699
15.66
15.62
15.581
15.542
15.503
15.465
15.426
15.388
15.349
15.311
15.274
15.236
15.198
15.161
15.124
15.086
15.05
15.013
14.976
14.94
14.903
14.867
14.831
14.795
14.76
14.724
14.689
14.653
14.618
14.583
14.549
14.514
14.479
14.445
14.411
14.377
14.343
14.309
14.275
14.242
14.209
14.175
14.142
14.109
14.077
14.044
14.011
13.979
13.947
13.915
13.883
13.851
13.819
13.788
13.756
13.725
13.694
13.663
13.632
13.601
13.57
13.54
13.509
13.479
13.449
13.419
13.389
13.359
13.33
13.3
13.271
13.241
13.212
13.183
13.154
13.125
13.097
13.068
13.04
13.011
12.983
12.955
12.927
12.899
12.872
12.844
12.817
12.789
12.762
12.735
12.708
12.681
12.654
12.627
12.601
12.574
12.548
12.521
12.495
12.469
12.443
12.417
12.392
12.366
12.341
12.315
12.29
12.265
12.24
12.215
12.19
12.165
12.14
12.116
12.091
12.067
12.042
12.018
11.994
11.97
11.946
11.922
11.899
11.875
11.852
11.828
11.805
11.782
11.759
11.736
11.713
11.69
11.667
11.644
11.622
11.599
11.577
11.555
11.533
11.511
11.489
11.467
11.445
11.423
11.401
11.38
11.358
11.337
11.316
11.294
11.273
11.252
11.231
11.21
11.19
11.169
11.148
11.128
11.107
11.087
11.067
11.047
11.026
11.006
10.986
10.967
10.947
10.927
10.907
10.888
10.868
10.849
10.83
10.81
10.791
10.772
10.753
10.734
10.715
10.697
10.678
10.659
10.641
10.622
10.604
10.585
10.567
10.549
10.531
10.513
10.495
10.477
10.459
10.441
10.424
10.406
10.389
10.371
10.354
10.336
10.319
10.302
10.285
10.268
10.251
10.234
10.217
10.2
10.183
10.167
10.15
10.134
10.117
10.101
10.084
10.068
10.052
10.036
10.02
10.004
9.9879
9.972
9.9562
9.9404
9.9247
9.9091
9.8935
9.878
9.8626
9.8472
9.8319
9.8167
9.8015
9.7863
9.7712
9.7562
9.7413
9.7264
9.7115
9.6967
9.682
9.6673
9.6527
9.6382
9.6237
9.6093
9.5949
9.5806
9.5663
9.5521
9.5379
9.5238
9.5098
9.4958
9.4819
9.468
9.4541
9.4404
9.4267
9.413
9.3994
9.3858
9.3723
9.3589
9.3455
9.3321
9.3188
9.3056
9.2924
9.2793
9.2662
9.2531
9.2402
9.2272
9.2143
9.2015
9.1887
9.176
9.1633
9.1507
9.1381
9.1255
9.1131
9.1006
9.0882
9.0759
9.0636
9.0513
9.0391
9.027
9.0149
9.0028
8.9908
8.9788
8.9669
8.9551
8.9432
8.9314
8.9197
8.908
8.8964
8.8848
8.8732
8.8617
8.8502
8.8388
8.8274
8.8161
8.8048
8.7936
8.7824
8.7712
8.7601
8.749
8.738
8.727
8.716
8.7051
8.6943
8.6834
8.6727
8.6619
8.6512
8.6406
8.6299
8.6194
8.6088
8.5983
8.5879
8.5775
8.5671
8.5568
8.5465
8.5362
8.526
8.5158
8.5057
8.4956
8.4855
8.4755
8.4655
8.4555
8.4456
8.4358
8.4259
8.4161
8.4064
8.3966
8.387
8.3773
8.3677
8.3581
8.3486
8.3391
8.3296
8.3202
8.3108
8.3014
8.2921
8.2828
8.2735
8.2643
8.2551
8.246
8.2369
8.2278
8.2187
8.2097
8.2008
8.1918
8.1829
8.174
8.1652
8.1564
8.1476
8.1389
8.1301
8.1215
8.1128
8.1042
8.0956
8.0871
8.0786
8.0701
8.0616
8.0532
8.0448
8.0365
8.0281
8.0198
8.0116
8.0033
7.9951
7.987
7.9788
7.9707
7.9626
7.9546
7.9466
7.9386
7.9306
7.9227
7.9148
7.9069
7.8991
7.8913
7.8835
7.8757
7.868
7.8603
7.8526
7.845
7.8374
7.8298
7.8222
7.8147
7.8072
7.7997
7.7923
7.7849
7.7775
7.7701
7.7628
7.7555
7.7482
7.741
7.7337
7.7265
7.7194
7.7122
7.7051
7.698
7.6909
7.6839
7.6769
7.6699
7.6629
7.656
7.6491
7.6422
7.6353
7.6285
7.6217
7.6149
7.6082
7.6014
7.5947
7.588
7.5814
7.5747
7.5681
7.5615
7.555
7.5484
7.5419
7.5354
7.529
7.5225
7.5161
7.5097
7.5033
7.497
7.4906
7.4843
7.4781
7.4718
7.4656
7.4594
7.4532
7.447
7.4409
7.4347
7.4286
7.4226
7.4165
7.4105
7.4045
7.3985
7.3925
7.3866
7.3806
7.3747
7.3688
7.363
7.3571
7.3513
7.3455
7.3398
7.334
7.3283
7.3226
7.3169
7.3112
7.3055
7.2999
7.2943
7.2887
7.2831
7.2776
7.2721
7.2666
7.2611
7.2556
7.2502
7.2447
7.2393
7.2339
7.2286
7.2232
7.2179
7.2126
7.2073
7.202
7.1967
7.1915
7.1863
7.1811
7.1759
7.1707
7.1656
7.1605
7.1554
7.1503
7.1452
7.1402
7.1351
7.1301
7.1251
7.1201
7.1152
7.1102
7.1053
7.1004
7.0955
7.0906
7.0858
7.0809
7.0761
7.0713
7.0665
7.0617
7.057
7.0522
7.0475
7.0428
7.0381
7.0335
7.0288
7.0242
7.0196
7.015
7.0104
7.0058
7.0012
6.9967
6.9922
6.9877
6.9832
6.9787
6.9743
6.9698
6.9654
6.961
6.9566
6.9522
6.9478
6.9435
6.9392
6.9348
6.9305
6.9263
6.922
6.9177
6.9135
6.9093
6.905
6.9008
6.8967
6.8925
6.8883
6.8842
6.8801
6.876
6.8719
6.8678
6.8637
6.8597
6.8556
6.8516
6.8476
6.8436
6.8396
6.8357
6.8317
6.8278
6.8238
6.8199
6.816
6.8122
6.8083
6.8044
6.8006
6.7967
6.7929
6.7891
6.7853
6.7816
6.7778
6.774
6.7703
6.7666
6.7629
6.7592
6.7555
6.7518
6.7482
6.7445
6.7409
6.7373
6.7336
6.73
6.7265
6.7229
6.7193
6.7158
6.7122
6.7087
6.7052
6.7017
6.6982
6.6948
6.6913
6.6878
6.6844
6.681
6.6776
6.6742
6.6708
6.6674
6.664
6.6607
6.6573
6.654
6.6507
6.6474
6.6441
6.6408
6.6375
6.6342
6.631
6.6277
6.6245
6.6213
6.6181
6.6149
6.6117
6.6085
6.6054
6.6022
6.5991
6.5959
6.5928
6.5897
6.5866
6.5835
6.5804
6.5774
6.5743
6.5713
6.5682
6.5652
6.5622
6.5592
6.5562
6.5532
6.5502
6.5473
6.5443
6.5414
6.5384
6.5355
6.5326
6.5297
6.5268
6.5239
6.521
6.5182
6.5153
6.5125
6.5096
6.5068
6.504
6.5012
6.4984
6.4956
6.4928
6.4901
6.4873
6.4845
6.4818
6.4791
6.4764
6.4736
6.4709
6.4682
6.4656
6.4629
6.4602
6.4576
6.4549
6.4523
6.4496
6.447
6.4444
6.4418
6.4392
6.4366
6.434
6.4315
6.4289
6.4263
6.4238
6.4213
6.4187
6.4162
6.4137
6.4112
6.4087
6.4062
6.4038
6.4013
6.3988
6.3964
6.3939
6.3915
6.3891
6.3866
6.3842
6.3818
6.3794
6.3771
6.3747
6.3723
6.3699
6.3676
6.3652
6.3629
6.3606
6.3582
6.3559
6.3536
6.3513
6.349
6.3467
6.3445
6.3422
6.3399
6.3377
6.3354
6.3332
6.331
6.3287
6.3265
6.3243
6.3221
6.3199
6.3177
6.3155
6.3134
6.3112
6.309
6.3069
6.3047
6.3026
6.3005
6.2983
6.2962
6.2941
6.292
6.2899
6.2878
6.2858
6.2837
6.2816
6.2795
6.2775
6.2754
6.2734
6.2714
6.2693
6.2673
6.2653
6.2633
6.2613
6.2593
6.2573
6.2553
6.2534
6.2514
6.2494
6.2475
6.2455
6.2436
6.2416
6.2397
6.2378
6.2359
6.234
6.2321
6.2302
6.2283
6.2264
6.2245
6.2226
6.2208
6.2189
6.217
6.2152
6.2133
6.2115
6.2097
6.2078
6.206
6.2042
6.2024
6.2006
6.1988
6.197
6.1952
6.1935
6.1917
6.1899
6.1882
6.1864
6.1847
6.1829
6.1812
6.1794
6.1777
6.176
6.1743
6.1726
6.1709
6.1692
6.1675
6.1658
6.1641
6.1624
6.1607
6.1591
6.1574
6.1558
6.1541
6.1525
6.1508
6.1492
6.1476
6.1459
6.1443
6.1427
6.1411
6.1395
6.1379
6.1363
6.1347
6.1331
6.1315
6.13
6.1284
6.1268
6.1253
6.1237
6.1222
6.1206
6.1191
6.1176
6.116
6.1145
6.113
6.1115
6.11
6.1085
6.107
6.1055
6.104
6.1025
6.101
6.0996
6.0981
6.0966
6.0952
6.0937
6.0923
6.0908
6.0894
6.0879
6.0865
6.0851
6.0836
6.0822
6.0808
6.0794
6.078
6.0766
6.0752
6.0738
6.0724
6.071
6.0696
6.0683
6.0669
6.0655
6.0642
6.0628
6.0615
6.0601
6.0588
6.0574
6.0561
6.0547
6.0534
6.0521
6.0508
6.0495
6.0481
6.0468
6.0455
6.0442
6.0429
6.0417
6.0404
6.0391
6.0378
6.0365
6.0353
6.034
6.0327
6.0315
6.0302
6.029
6.0277
6.0265
6.0252
6.024
6.0228
6.0215
6.0203
6.0191
6.0179
6.0167
6.0155
6.0143
6.0131
6.0119
6.0107
6.0095
6.0083
6.0071
6.0059
6.0047
6.0036
6.0024
6.0012
6.0001
5.9989
5.9978
5.9966
5.9955
5.9943
5.9932
5.9921
5.9909
5.9898
5.9887
5.9876
5.9864
5.9853
5.9842
5.9831
5.982
5.9809
5.9798
5.9787
5.9776
5.9765
5.9754
5.9744
5.9733
5.9722
5.9711
5.9701
5.969
5.968
5.9669
5.9658
5.9648
5.9637
5.9627
5.9617
5.9606
5.9596
5.9586
5.9575
5.9565
5.9555
5.9545
5.9534
5.9524
5.9514
5.9504
5.9494
5.9484
5.9474
5.9464
5.9454
5.9444
5.9435
5.9425
5.9415
5.9405
5.9395
5.9386
5.9376
5.9366
5.9357
5.9347
5.9338
5.9328
5.9319
5.9309
5.93
5.929
5.9281
5.9272
5.9262
5.9253
5.9244
5.9234
5.9225
5.9216
5.9207
5.9198
5.9189
5.918
5.9171
5.9161
5.9153
5.9144
5.9135
5.9126
5.9117
5.9108
5.9099
5.909
5.9082
5.9073
5.9064
5.9055
5.9047
5.9038
5.9029
5.9021
5.9012
5.9004
5.8995
5.8987
5.8978
5.897
5.8961
5.8953
5.8945
5.8936
5.8928
5.892
5.8911
5.8903
5.8895
5.8887
5.8879
5.8871
5.8862
5.8854
5.8846
5.8838
5.883
5.8822
5.8814
5.8806
5.8798
5.879
5.8783
5.8775
5.8767
5.8759
5.8751
5.8744
5.8736
5.8728
5.872
5.8713
5.8705
5.8698
5.869
5.8682
5.8675
5.8667
5.866
5.8652
5.8645
5.8637
5.863
5.8623
5.8615
5.8608
5.8601
5.8593
5.8586
5.8579
5.8571
5.8564
5.8557
5.855
5.8543
5.8535
5.8528
5.8521
5.8514
5.8507
5.85
5.8493
5.8486
5.8479
5.8472
5.8465
5.8458
5.8451
5.8445
5.8438
5.8431
5.8424
5.8417
5.8411
5.8404
5.8397
5.839
5.8384
5.8377
5.837
5.8364
5.8357
5.8351
5.8344
5.8337
5.8331
5.8324
5.8318
5.8311
5.8305
5.8299
5.8292
5.8286
5.8279
5.8273
5.8267
5.826
5.8254
5.8248
5.8241
5.8235
5.8229
5.8223
5.8217
5.821
5.8204
5.8198
5.8192
