0
9.4139e-09
1.502e-07
7.583e-07
2.3899e-06
5.8186e-06
1.2032e-05
2.2229e-05
3.7816e-05
6.0407e-05
9.1814e-05
0.00013405
0.00018933
0.00026005
0.00034881
0.00045839
0.00059175
0.00075205
0.00094262
0.0011669
0.0014287
0.0017318
0.0020802
0.002478
0.0029298
0.0034398
0.0040129
0.0046538
0.0053675
0.0061591
0.007034
0.0079974
0.009055
0.010212
0.011476
0.01285
0.014343
0.015959
0.017706
0.01959
0.021617
0.023794
0.026128
0.028626
0.031295
0.034143
0.037175
0.040401
0.043827
0.047461
0.05131
0.055383
0.059687
0.06423
0.069021
0.074067
0.079377
0.084959
0.090821
0.096973
0.10342
0.11018
0.11725
0.12464
0.13236
0.14043
0.14885
0.15762
0.16677
0.17629
0.1862
0.19651
0.20722
0.21834
0.22989
0.24187
0.2543
0.26717
0.28051
0.29432
0.30861
0.3234
0.33868
0.35447
0.37079
0.38763
0.40501
0.42295
0.44144
0.4605
0.48014
0.50037
0.52119
0.54263
0.56468
0.58736
0.61068
0.63465
0.65928
0.68458
0.71055
0.73721
0.76457
0.79264
0.82142
0.85093
0.88118
0.91218
0.94393
0.97645
1.0098
1.0438
1.0787
1.1144
1.1509
1.1882
1.2264
1.2654
1.3053
1.346
1.3876
1.4301
1.4734
1.5177
1.5629
1.609
1.656
1.704
1.7529
1.8028
1.8537
1.9055
1.9583
2.0121
2.0669
2.1227
2.1795
2.2374
2.2963
2.3562
2.4172
2.4793
2.5424
2.6066
2.6719
2.7383
2.8058
2.8744
2.9441
3.015
3.087
3.1601
3.2344
3.3098
3.3865
3.4642
3.5432
3.6234
3.7047
3.7873
3.8711
3.956
4.0422
4.1297
4.2184
4.3083
4.3995
4.4919
4.5856
4.6806
4.7768
4.8743
4.9731
5.0732
5.1746
5.2774
5.3814
5.4867
5.5934
5.7014
5.8107
5.9214
6.0334
6.1468
6.2615
6.3776
6.495
6.6138
6.734
6.8555
6.9785
7.1028
7.2285
7.3556
7.4841
7.614
7.7453
7.878
8.0122
8.1477
8.2847
8.4231
8.5629
8.7041
8.8468
8.9909
9.1365
9.2834
9.4319
9.5817
9.7331
9.8858
10.04
10.196
10.353
10.511
10.671
10.833
10.996
11.16
11.326
11.494
11.662
11.833
12.004
12.178
12.352
12.528
12.706
12.885
13.066
13.248
13.431
13.616
13.803
13.991
14.18
14.371
14.563
14.757
14.952
15.149
15.347
15.547
15.748
15.95
16.154
16.36
16.567
16.775
16.985
17.196
17.409
17.623
17.839
18.056
18.274
18.494
18.716
18.939
19.163
19.389
19.616
19.844
20.074
20.306
20.538
20.772
21.008
21.245
21.483
21.723
21.964
22.207
22.451
22.696
22.943
23.191
23.44
23.691
23.943
24.197
24.452
24.708
24.965
25.224
25.484
25.746
26.009
26.273
26.538
26.805
27.073
27.342
27.613
27.885
28.158
28.432
28.708
28.985
29.263
29.543
29.823
30.105
30.389
30.673
30.959
31.245
31.533
31.823
32.113
32.404
32.697
32.991
33.286
33.582
33.88
34.178
34.478
34.779
35.081
35.384
35.688
35.993
36.299
36.607
36.915
37.225
37.536
37.847
38.16
38.474
38.788
39.104
39.421
39.739
40.058
40.378
40.698
41.02
41.343
41.667
41.991
42.317
42.643
42.971
43.299
43.629
43.959
44.29
44.622
44.955
45.289
45.623
45.959
46.295
46.632
46.97
47.309
47.649
47.989
48.33
48.672
49.015
49.358
49.703
50.048
50.394
50.74
51.087
51.435
51.784
52.133
52.483
52.834
53.186
53.538
53.89
54.244
54.598
54.952
55.308
55.663
56.02
56.377
56.735
57.093
57.452
57.811
58.171
58.531
58.892
59.254
59.615
59.978
60.341
60.704
61.068
61.433
61.798
62.163
62.529
62.895
63.261
63.628
63.996
64.364
64.732
65.1
65.469
65.838
66.208
66.578
66.948
67.319
67.69
68.061
68.433
68.805
69.177
69.549
69.922
70.295
70.668
71.041
71.415
71.789
72.163
72.537
72.911
73.286
73.661
74.036
74.411
74.786
75.161
75.537
75.912
76.288
76.664
77.04
77.416
77.792
78.168
78.545
78.921
79.297
79.674
80.05
80.427
80.803
81.18
81.556
81.932
82.309
82.685
83.062
83.438
83.814
84.19
84.567
84.943
85.319
85.694
86.07
86.446
86.821
87.197
87.572
87.947
88.322
88.697
89.072
89.446
89.821
90.195
90.569
90.943
91.316
91.69
92.063
92.436
92.808
93.181
93.553
93.925
94.296
94.668
95.039
95.409
95.78
96.15
96.52
96.89
97.259
97.628
97.996
98.364
98.732
99.1
99.467
99.834
100.2
100.57
100.93
101.3
101.66
102.03
102.39
102.75
103.12
103.48
103.84
104.2
104.56
104.93
105.29
105.65
106
106.36
106.72
107.08
107.44
107.79
108.15
108.51
108.86
109.22
109.57
109.92
110.28
110.63
110.98
111.33
111.69
112.04
112.39
112.73
113.08
113.43
113.78
114.12
114.47
114.82
115.16
115.51
115.85
116.19
116.53
116.88
117.22
117.56
117.9
118.24
118.57
118.91
119.25
119.58
119.92
120.25
120.59
120.92
121.25
121.59
121.92
122.25
122.58
122.91
123.23
123.56
123.89
124.22
124.54
124.86
125.19
125.51
125.83
126.15
126.48
126.8
127.11
127.43
127.75
128.07
128.38
128.7
129.01
129.32
129.64
129.95
130.26
130.57
130.88
131.19
131.49
131.8
132.11
132.41
132.72
133.02
133.32
133.62
133.92
134.22
134.52
134.82
135.12
135.41
135.71
136
136.3
136.59
136.88
137.17
137.46
137.75
138.04
138.33
138.61
138.9
139.18
139.47
139.75
140.03
140.31
140.59
140.87
141.15
141.42
141.7
141.98
142.25
142.52
142.8
143.07
143.34
143.61
143.88
144.14
144.41
144.67
144.94
145.2
145.47
145.73
145.99
146.25
146.51
146.76
147.02
147.28
147.53
147.79
148.04
148.29
148.54
148.79
149.04
149.29
149.54
149.78
150.03
150.27
150.51
150.76
151
151.24
151.48
151.71
151.95
152.19
152.42
152.65
152.89
153.12
153.35
153.58
153.81
154.04
154.26
154.49
154.71
154.94
155.16
155.38
155.6
155.82
156.04
156.26
156.48
156.69
156.91
157.12
157.33
157.54
157.75
157.96
158.17
158.38
158.59
158.79
159
159.2
159.4
159.6
159.8
160
160.2
160.4
160.59
160.79
160.98
161.18
161.37
161.56
161.75
161.94
162.13
162.31
162.5
162.68
162.87
163.05
163.23
163.41
163.59
163.77
163.95
164.13
164.3
164.48
164.65
164.82
164.99
165.16
165.33
165.5
165.67
165.84
166
166.17
166.33
166.49
166.65
166.81
166.97
167.13
167.29
167.44
167.6
167.75
167.91
168.06
168.21
168.36
168.51
168.66
168.8
168.95
169.09
169.24
169.38
169.52
169.67
169.81
169.94
170.08
170.22
170.36
170.49
170.62
170.76
170.89
171.02
171.15
171.28
171.41
171.54
171.66
171.79
171.91
172.03
172.16
172.28
172.4
172.52
172.64
172.75
172.87
172.98
173.1
173.21
173.32
173.44
173.55
173.66
173.76
173.87
173.98
174.08
174.19
174.29
174.4
174.5
174.6
174.7
174.8
174.89
174.99
175.09
175.18
175.28
175.37
175.46
175.55
175.64
175.73
175.82
175.91
176
176.08
176.17
176.25
176.34
176.42
176.5
176.58
176.66
176.74
176.81
176.89
176.97
177.04
177.11
177.19
177.26
177.33
177.4
177.47
177.54
177.61
177.67
177.74
177.8
177.87
177.93
177.99
178.05
178.11
178.17
178.23
178.29
178.35
178.4
178.46
178.51
178.57
178.62
178.67
178.72
178.77
178.82
178.87
178.92
178.96
179.01
179.05
179.1
179.14
179.18
179.22
179.26
179.3
179.34
179.38
179.42
179.45
179.49
179.52
179.56
179.59
179.62
179.65
179.69
179.72
179.74
179.77
179.8
179.83
179.85
179.88
179.9
179.92
179.95
179.97
179.99
180.01
180.03
180.05
180.07
180.08
180.1
180.12
180.13
180.14
180.16
180.17
180.18
180.19
180.2
180.21
180.22
180.23
180.23
180.24
180.25
180.25
180.26
180.26
180.26
180.26
180.26
180.26
180.26
180.26
180.26
180.26
180.26
180.25
180.25
180.24
180.24
180.23
180.22
180.21
180.2
180.19
180.18
180.17
180.16
180.15
180.13
180.12
180.11
180.09
180.07
180.06
180.04
180.02
180
179.98
179.96
179.94
179.92
179.9
179.88
179.85
179.83
179.8
179.78
179.75
179.73
179.7
179.67
179.64
179.61
179.58
179.55
179.52
179.49
179.46
179.42
179.39
179.35
179.32
179.28
179.25
179.21
179.17
179.13
179.1
179.06
179.02
178.98
178.93
178.89
178.85
178.81
178.76
178.72
178.67
178.63
178.58
178.54
178.49
178.44
178.39
178.34
178.29
178.24
178.19
178.14
178.09
178.04
177.99
177.93
177.88
177.82
177.77
177.71
177.66
177.6
177.54
177.48
177.43
177.37
177.31
177.25
177.19
177.12
177.06
177
176.94
176.88
176.81
176.75
176.68
176.62
176.55
176.48
176.42
176.35
176.28
176.21
176.14
176.08
176.01
175.94
175.86
175.79
175.72
175.65
175.58
175.5
175.43
175.35
175.28
175.2
175.13
175.05
174.98
174.9
174.82
174.74
174.66
174.58
174.51
174.43
174.34
174.26
174.18
174.1
174.02
173.94
173.85
173.77
173.69
173.6
173.52
173.43
173.34
173.26
173.17
173.09
173
172.91
172.82
172.73
172.64
172.55
172.46
172.37
172.28
172.19
172.1
172.01
171.92
171.82
171.73
171.64
171.54
171.45
171.35
171.26
171.16
171.07
170.97
170.87
170.78
170.68
170.58
170.48
170.38
170.29
170.19
170.09
169.99
169.89
169.79
169.68
169.58
169.48
169.38
169.28
169.17
169.07
168.97
168.86
168.76
168.65
168.55
168.44
168.34
168.23
168.12
168.02
167.91
167.8
167.7
167.59
167.48
167.37
167.26
167.15
167.04
166.93
166.82
166.71
166.6
166.49
166.38
166.27
166.15
166.04
165.93
165.82
165.7
165.59
165.48
165.36
165.25
165.13
165.02
164.9
164.79
164.67
164.55
164.44
164.32
164.2
164.09
163.97
163.85
163.73
163.62
163.5
163.38
163.26
163.14
163.02
162.9
162.78
162.66
162.54
162.42
162.3
162.17
162.05
161.93
161.81
161.69
161.56
161.44
161.32
161.19
161.07
160.95
160.82
160.7
160.57
160.45
160.32
160.2
160.07
159.95
159.82
159.7
159.57
159.44
159.32
159.19
159.06
158.93
158.81
158.68
158.55
158.42
158.29
158.16
158.04
157.91
157.78
157.65
157.52
157.39
157.26
157.13
157
156.87
156.74
156.61
156.47
156.34
156.21
156.08
155.95
155.82
155.68
155.55
155.42
155.29
155.15
155.02
154.89
154.75
154.62
154.49
154.35
154.22
154.08
153.95
153.81
153.68
153.54
153.41
153.27
153.14
153
152.87
152.73
152.6
152.46
152.32
152.19
152.05
151.91
151.78
151.64
151.5
151.37
151.23
151.09
150.95
150.81
150.68
150.54
150.4
150.26
150.12
149.99
149.85
149.71
149.57
149.43
149.29
149.15
149.01
148.87
148.73
148.59
148.45
148.31
148.17
148.03
147.89
147.75
147.61
147.47
147.33
147.19
147.05
146.91
146.77
146.63
146.48
146.34
146.2
146.06
145.92
145.78
145.64
145.49
145.35
145.21
145.07
144.92
144.78
144.64
144.5
144.35
144.21
144.07
143.93
143.78
143.64
143.5
143.35
143.21
143.07
142.92
142.78
142.64
142.49
142.35
142.21
142.06
141.92
141.77
141.63
141.49
141.34
141.2
141.05
140.91
140.77
140.62
140.48
140.33
140.19
140.04
139.9
139.75
139.61
139.46
139.32
139.18
139.03
138.89
138.74
138.6
138.45
138.3
138.16
138.01
137.87
137.72
137.58
137.43
137.29
137.14
137
136.85
136.71
136.56
136.42
136.27
136.12
135.98
135.83
135.69
135.54
135.4
135.25
135.1
134.96
134.81
134.67
134.52
134.37
134.23
134.08
133.94
133.79
133.64
133.5
133.35
133.21
133.06
132.91
132.77
132.62
132.48
132.33
132.18
132.04
131.89
131.75
131.6
131.45
131.31
131.16
131.02
130.87
130.72
130.58
130.43
130.29
130.14
129.99
129.85
129.7
129.55
129.41
129.26
129.12
128.97
128.82
128.68
128.53
128.39
128.24
128.09
127.95
127.8
127.66
127.51
127.36
127.22
127.07
126.93
126.78
126.64
126.49
126.34
126.2
126.05
125.91
125.76
125.62
125.47
125.32
125.18
125.03
124.89
124.74
124.6
124.45
124.31
124.16
124.02
123.87
123.73
123.58
123.43
123.29
123.14
123
122.85
122.71
122.56
122.42
122.27
122.13
121.98
121.84
121.7
121.55
121.41
121.26
121.12
120.97
120.83
120.68
120.54
120.39
120.25
120.11
119.96
119.82
119.67
119.53
119.38
119.24
119.1
118.95
118.81
118.67
118.52
118.38
118.23
118.09
117.95
117.8
117.66
117.52
117.37
117.23
117.09
116.94
116.8
116.66
116.51
116.37
116.23
116.09
115.94
115.8
115.66
115.52
115.37
115.23
115.09
114.95
114.8
114.66
114.52
114.38
114.24
114.09
113.95
113.81
113.67
113.53
113.39
113.24
113.1
112.96
112.82
112.68
112.54
112.4
112.26
112.11
111.97
111.83
111.69
111.55
111.41
111.27
111.13
110.99
110.85
110.71
110.57
110.43
110.29
110.15
110.01
109.87
109.73
109.59
109.45
109.31
109.17
109.03
108.89
108.75
108.62
108.48
108.34
108.2
108.06
107.92
107.78
107.64
107.51
107.37
107.23
107.09
106.95
106.82
106.68
106.54
106.4
106.26
106.13
105.99
105.85
105.72
105.58
105.44
105.3
105.17
105.03
104.89
104.76
104.62
104.48
104.35
104.21
104.08
103.94
103.8
103.67
103.53
103.4
103.26
103.12
102.99
102.85
102.72
102.58
102.45
102.31
102.18
102.04
101.91
101.77
101.64
101.51
101.37
101.24
101.1
100.97
100.84
100.7
100.57
100.43
100.3
100.17
100.03
99.901
99.768
99.635
99.502
99.369
99.236
99.104
98.971
98.839
98.707
98.575
98.442
98.31
98.179
98.047
97.915
97.784
97.652
97.521
97.389
97.258
97.127
96.996
96.865
96.735
96.604
96.474
96.343
96.213
96.083
95.952
95.822
95.693
95.563
95.433
95.303
95.174
95.045
94.915
94.786
94.657
94.528
94.399
94.271
94.142
94.014
93.885
93.757
93.629
93.501
93.373
93.245
93.117
92.99
92.862
92.735
92.607
92.48
92.353
92.226
92.099
91.973
91.846
91.719
91.593
91.467
91.341
91.214
91.088
90.963
90.837
90.711
90.586
90.46
90.335
90.21
90.085
89.96
89.835
89.71
89.586
89.461
89.337
89.213
89.089
88.965
88.841
88.717
88.593
88.47
88.346
88.223
88.1
87.976
87.853
87.731
87.608
87.485
87.363
87.24
87.118
86.996
86.874
86.752
86.63
86.508
86.387
86.265
86.144
86.022
85.901
85.78
85.659
85.539
85.418
85.297
85.177
85.057
84.936
84.816
84.696
84.577
84.457
84.337
84.218
84.098
83.979
83.86
83.741
83.622
83.503
83.385
83.266
83.148
83.029
82.911
82.793
82.675
82.557
82.44
82.322
82.205
82.087
81.97
81.853
81.736
81.619
81.502
81.386
81.269
81.153
81.037
80.921
80.805
80.689
80.573
80.457
80.342
80.226
80.111
79.996
79.881
79.766
79.651
79.536
79.422
79.307
79.193
79.079
78.965
78.851
78.737
78.623
78.509
78.396
78.283
78.169
78.056
77.943
77.83
77.718
77.605
77.492
77.38
77.268
77.156
77.044
76.932
76.82
76.708
76.597
76.485
76.374
76.263
76.152
76.041
75.93
75.819
75.709
75.598
75.488
75.378
75.268
75.158
75.048
74.938
74.828
74.719
74.61
74.5
74.391
74.282
74.173
74.065
73.956
73.847
73.739
73.631
73.523
73.415
73.307
73.199
73.091
72.984
72.876
72.769
72.662
72.555
72.448
72.341
72.235
72.128
72.022
71.915
71.809
71.703
71.597
71.491
71.386
71.28
71.175
71.069
70.964
70.859
70.754
70.649
70.544
70.44
70.335
70.231
70.127
70.023
69.919
69.815
69.711
69.607
69.504
69.4
69.297
69.194
69.091
68.988
68.885
68.783
68.68
68.578
68.475
68.373
68.271
68.169
68.067
67.966
67.864
67.763
67.661
67.56
67.459
67.358
67.257
67.157
67.056
66.955
66.855
66.755
66.655
66.555
66.455
66.355
66.256
66.156
66.057
65.957
65.858
65.759
65.66
65.561
65.463
65.364
65.266
65.167
65.069
64.971
64.873
64.775
64.678
64.58
64.483
64.385
64.288
64.191
64.094
63.997
63.9
63.804
63.707
63.611
63.515
63.418
63.322
63.226
63.131
63.035
62.939
62.844
62.749
62.653
62.558
62.463
62.369
62.274
62.179
62.085
61.99
61.896
61.802
61.708
61.614
61.52
61.427
61.333
61.24
61.146
61.053
60.96
60.867
60.774
60.682
60.589
60.496
60.404
60.312
60.22
60.128
60.036
59.944
59.852
59.761
59.669
59.578
59.487
59.396
59.305
59.214
59.123
59.033
58.942
58.852
58.762
58.671
58.581
58.491
58.402
58.312
58.222
58.133
58.044
57.954
57.865
57.776
57.687
