0
0.024608
0.096909
0.21472
0.37597
0.57873
0.82115
1.1015
1.4181
1.7694
2.1539
2.5702
3.017
3.493
3.9969
4.5276
5.084
5.6651
6.2697
6.897
7.546
8.2158
8.9057
9.6146
10.342
11.087
11.849
12.627
13.421
14.229
15.052
15.889
16.738
17.601
18.475
19.361
20.258
21.165
22.083
23.01
23.947
24.892
25.846
26.808
27.777
28.754
29.738
30.728
31.724
32.727
33.735
34.749
35.768
36.791
37.819
38.851
39.888
40.928
41.971
43.018
44.068
45.121
46.176
47.234
48.294
49.356
50.42
51.485
52.552
53.621
54.69
55.761
56.832
57.904
58.976
60.049
61.122
62.195
63.268
64.341
65.414
66.486
67.558
68.629
69.699
70.768
71.837
72.904
73.97
75.035
76.098
77.16
78.221
79.279
80.336
81.391
82.444
83.496
84.545
85.592
86.637
87.679
88.719
89.757
90.792
91.825
92.855
93.883
94.907
95.929
96.948
97.965
98.978
99.988
101
102
103
104
104.99
105.98
106.97
107.96
108.94
109.92
110.89
111.86
112.83
113.79
114.75
115.71
116.66
117.61
118.56
119.5
120.44
121.38
122.31
123.23
124.16
125.08
125.99
126.9
127.81
128.71
129.61
130.51
131.4
132.29
133.17
134.05
134.93
135.8
136.67
137.53
138.39
139.24
140.09
140.94
141.78
142.62
143.46
144.29
145.11
145.93
146.75
147.57
148.38
149.18
149.98
150.78
151.57
152.36
153.14
153.92
154.7
155.47
156.24
157
157.76
158.51
159.26
160.01
160.75
161.49
162.22
162.95
163.67
164.39
165.11
165.82
166.53
167.23
167.93
168.63
169.32
170.01
170.69
171.37
172.04
172.71
173.38
174.04
174.7
175.35
176
176.64
177.29
177.92
178.55
179.18
179.81
180.43
181.04
181.66
182.26
182.87
183.47
184.06
184.65
185.24
185.83
186.41
186.98
187.55
188.12
188.68
189.24
189.8
190.35
190.9
191.44
191.98
192.52
193.05
193.58
194.1
194.62
195.14
195.65
196.16
196.66
197.16
197.66
198.15
198.64
199.13
199.61
200.09
200.56
201.03
201.5
201.96
202.42
202.88
203.33
203.78
204.22
204.66
205.1
205.53
205.96
206.39
206.81
207.23
207.65
208.06
208.47
208.87
209.27
209.67
210.07
210.46
210.84
211.23
211.61
211.98
212.36
212.73
213.09
213.46
213.82
214.17
214.53
214.88
215.22
215.57
215.91
216.24
216.58
216.91
217.23
217.56
217.88
218.19
218.51
218.82
219.12
219.43
219.73
220.03
220.32
220.61
220.9
221.19
221.47
221.75
222.03
222.3
222.57
222.84
223.1
223.36
223.62
223.87
224.13
224.37
224.62
224.86
225.1
225.34
225.58
225.81
226.04
226.26
226.48
226.7
226.92
227.14
227.35
227.56
227.76
227.97
228.17
228.37
228.56
228.75
228.94
229.13
229.31
229.5
229.68
229.85
230.03
230.2
230.37
230.53
230.69
230.86
231.01
231.17
231.32
231.47
231.62
231.77
231.91
232.05
232.19
232.33
232.46
232.59
232.72
232.84
232.97
233.09
233.21
233.33
233.44
233.55
233.66
233.77
233.87
233.98
234.08
234.17
234.27
234.36
234.46
234.54
234.63
234.72
234.8
234.88
234.96
235.03
235.11
235.18
235.25
235.32
235.38
235.44
235.5
235.56
235.62
235.68
235.73
235.78
235.83
235.88
235.92
235.96
236
236.04
236.08
236.11
236.15
236.18
236.21
236.23
236.26
236.28
236.3
236.32
236.34
236.36
236.37
236.38
236.4
236.4
236.41
236.42
236.42
236.42
236.42
236.42
236.41
236.41
236.4
236.39
236.38
236.37
236.36
236.34
236.32
236.3
236.28
236.26
236.24
236.21
236.18
236.15
236.12
236.09
236.06
236.02
235.99
235.95
235.91
235.87
235.82
235.78
235.73
235.68
235.64
235.59
235.53
235.48
235.43
235.37
235.31
235.25
235.19
235.13
235.07
235
234.93
234.87
234.8
234.73
234.66
234.58
234.51
234.43
234.36
234.28
234.2
234.12
234.03
233.95
233.87
233.78
233.69
233.6
233.51
233.42
233.33
233.24
233.14
233.05
232.95
232.85
232.75
232.65
232.55
232.44
232.34
232.23
232.13
232.02
231.91
231.8
231.69
231.58
231.46
231.35
231.23
231.12
231
230.88
230.76
230.64
230.52
230.4
230.27
230.15
230.02
229.89
229.77
229.64
229.51
229.38
229.24
229.11
228.98
228.84
228.71
228.57
228.43
228.29
228.15
228.01
227.87
227.73
227.59
227.44
227.3
227.15
227
226.86
226.71
226.56
226.41
226.26
226.1
225.95
225.8
225.64
225.49
225.33
225.18
225.02
224.86
224.7
224.54
224.38
224.22
224.06
223.89
223.73
223.56
223.4
223.23
223.07
222.9
222.73
222.56
222.39
222.22
222.05
221.88
221.71
221.53
221.36
221.19
221.01
220.83
220.66
220.48
220.3
220.12
219.95
219.77
219.59
219.4
219.22
219.04
218.86
218.67
218.49
218.31
218.12
217.94
217.75
217.56
217.37
217.19
217
216.81
216.62
216.43
216.24
216.05
215.86
215.66
215.47
215.28
215.08
214.89
214.69
214.5
214.3
214.11
213.91
213.71
213.51
213.32
213.12
212.92
212.72
212.52
212.32
212.12
211.91
211.71
211.51
211.31
211.1
210.9
210.7
210.49
210.29
210.08
209.88
209.67
209.46
209.26
209.05
208.84
208.63
208.42
208.22
208.01
207.8
207.59
207.38
207.17
206.96
206.74
206.53
206.32
206.11
205.9
205.68
205.47
205.26
205.04
204.83
204.61
204.4
204.18
203.97
203.75
203.54
203.32
203.1
202.89
202.67
202.45
202.23
202.02
201.8
201.58
201.36
201.14
200.92
200.7
200.48
200.26
200.04
199.82
199.6
199.38
199.16
198.94
198.71
198.49
198.27
198.05
197.83
197.6
197.38
197.16
196.93
196.71
196.49
196.26
196.04
195.81
195.59
195.36
195.14
194.91
194.69
194.46
194.24
194.01
193.79
193.56
193.33
193.11
192.88
192.66
192.43
192.2
191.97
191.75
191.52
191.29
191.06
190.84
190.61
190.38
190.15
189.93
189.7
189.47
189.24
189.01
188.78
188.55
188.33
188.1
187.87
187.64
187.41
187.18
186.95
186.72
186.49
186.26
186.03
185.8
185.57
185.34
185.11
184.88
184.65
184.42
184.19
183.96
183.73
183.5
183.27
183.04
182.81
182.58
182.35
182.12
181.88
181.65
181.42
181.19
180.96
180.73
180.5
180.27
180.04
179.81
179.58
179.34
179.11
178.88
178.65
178.42
178.19
177.96
177.73
177.5
177.26
177.03
176.8
176.57
176.34
176.11
175.88
175.65
175.42
175.18
174.95
174.72
174.49
174.26
174.03
173.8
173.57
173.34
173.11
172.88
172.65
172.41
172.18
171.95
171.72
171.49
171.26
171.03
170.8
170.57
170.34
170.11
169.88
169.65
169.42
169.19
168.96
168.73
168.5
168.27
168.04
167.81
167.58
167.35
167.12
166.89
166.66
166.43
166.21
165.98
165.75
165.52
165.29
165.06
164.83
164.6
164.37
164.15
163.92
163.69
163.46
163.23
163.01
162.78
162.55
162.32
162.09
161.87
161.64
161.41
161.19
160.96
160.73
160.5
160.28
160.05
159.83
159.6
159.37
159.15
158.92
158.69
158.47
158.24
158.02
157.79
157.57
157.34
157.12
156.89
156.67
156.44
156.22
155.99
155.77
155.54
155.32
155.1
154.87
154.65
154.42
154.2
153.98
153.75
153.53
153.31
153.09
152.86
152.64
152.42
152.2
151.97
151.75
151.53
151.31
151.09
150.87
150.65
150.42
150.2
149.98
149.76
149.54
149.32
149.1
148.88
148.66
148.44
148.22
148
147.79
147.57
147.35
147.13
146.91
146.69
146.47
146.26
146.04
145.82
145.6
145.39
145.17
144.95
144.73
144.52
144.3
144.09
143.87
143.65
143.44
143.22
143.01
142.79
142.58
142.36
142.15
141.93
141.72
141.5
141.29
141.08
140.86
140.65
140.44
140.22
140.01
139.8
139.58
139.37
139.16
138.95
138.74
138.53
138.31
138.1
137.89
137.68
137.47
137.26
137.05
136.84
136.63
136.42
136.21
136
135.79
135.58
135.37
135.17
134.96
134.75
134.54
134.33
134.13
133.92
133.71
133.5
133.3
133.09
132.89
132.68
132.47
132.27
132.06
131.86
131.65
131.45
131.24
131.04
130.83
130.63
130.43
130.22
130.02
129.81
129.61
129.41
129.21
129
128.8
128.6
128.4
128.2
127.99
127.79
127.59
127.39
127.19
126.99
126.79
126.59
126.39
126.19
125.99
125.79
125.59
125.4
125.2
125
124.8
124.6
124.41
124.21
124.01
123.81
123.62
123.42
123.22
123.03
122.83
122.64
122.44
122.25
122.05
121.86
121.66
121.47
121.27
121.08
120.89
120.69
120.5
120.31
120.11
119.92
119.73
119.54
119.34
119.15
118.96
118.77
118.58
118.39
118.2
118.01
117.82
117.63
117.44
117.25
117.06
116.87
116.68
116.49
116.3
116.12
115.93
115.74
115.55
115.37
115.18
114.99
114.81
114.62
114.43
114.25
114.06
113.88
113.69
113.51
113.32
113.14
112.95
112.77
112.58
112.4
112.22
112.03
111.85
111.67
111.48
111.3
111.12
110.94
110.76
110.58
110.39
110.21
110.03
109.85
109.67
109.49
109.31
109.13
108.95
108.77
108.59
108.42
108.24
108.06
107.88
107.7
107.53
107.35
107.17
106.99
106.82
106.64
106.47
106.29
106.11
105.94
105.76
105.59
105.41
105.24
105.06
104.89
104.72
104.54
104.37
104.19
104.02
103.85
103.68
103.5
103.33
103.16
102.99
102.82
102.65
102.47
102.3
102.13
101.96
101.79
101.62
101.45
101.28
101.11
100.95
100.78
100.61
100.44
100.27
100.1
99.937
99.769
99.602
99.435
99.269
99.102
98.936
98.77
98.604
98.438
98.273
98.108
97.943
97.778
97.614
97.45
97.286
97.122
96.958
96.795
96.632
96.469
96.306
96.144
95.982
95.82
95.658
95.497
95.335
95.174
95.013
94.853
94.692
94.532
94.372
94.212
94.053
93.894
93.734
93.576
93.417
93.259
93.1
92.942
92.785
92.627
92.47
92.313
92.156
91.999
91.843
91.687
91.531
91.375
91.22
91.064
90.909
90.754
90.6
90.445
90.291
90.137
89.983
89.83
89.677
89.524
89.371
89.218
89.066
88.913
88.761
88.61
88.458
88.307
88.156
88.005
87.854
87.704
87.553
87.403
87.254
87.104
86.955
86.806
86.657
86.508
86.359
86.211
86.063
85.915
85.768
85.62
85.473
85.326
85.179
85.033
84.886
84.74
84.594
84.449
84.303
84.158
84.013
83.868
83.723
83.579
83.435
83.291
83.147
83.004
82.86
82.717
82.574
82.432
82.289
82.147
82.005
81.863
81.721
81.58
81.439
81.298
81.157
81.016
80.876
80.736
80.596
80.456
80.317
80.178
80.038
79.9
79.761
79.622
79.484
79.346
79.208
79.071
78.933
78.796
78.659
78.522
78.386
78.249
78.113
77.977
77.841
77.706
77.571
77.435
77.3
77.166
77.031
76.897
76.763
76.629
76.495
76.362
76.229
76.095
75.963
75.83
75.697
75.565
75.433
75.301
75.17
75.038
74.907
74.776
74.645
74.514
74.384
74.254
74.124
73.994
73.864
73.735
73.606
73.477
73.348
73.219
73.091
72.963
72.835
72.707
72.579
72.452
72.324
72.197
72.071
71.944
71.818
71.691
71.565
71.439
71.314
71.188
71.063
70.938
70.813
70.689
70.564
70.44
70.316
70.192
70.068
69.945
69.821
69.698
69.575
69.453
69.33
69.208
69.086
68.964
68.842
68.721
68.599
68.478
68.357
68.236
68.116
67.995
67.875
67.755
67.635
67.516
67.396
67.277
67.158
67.039
66.921
66.802
66.684
66.566
66.448
66.33
66.212
66.095
65.978
65.861
65.744
65.628
65.511
65.395
65.279
65.163
65.047
64.932
64.817
64.702
64.587
64.472
64.357
64.243
64.129
64.015
63.901
63.787
63.674
63.561
63.448
63.335
63.222
63.109
62.997
62.885
62.773
62.661
62.55
62.438
62.327
62.216
62.105
61.994
61.884
61.773
61.663
61.553
61.443
61.334
61.224
61.115
61.006
60.897
60.788
60.68
60.571
60.463
60.355
60.247
60.139
60.032
59.925
59.817
59.71
59.604
59.497
59.39
59.284
59.178
59.072
58.966
58.861
58.755
58.65
58.545
58.44
58.336
58.231
58.127
58.022
57.918
57.815
57.711
57.607
57.504
57.401
57.298
57.195
57.092
56.99
56.888
56.785
56.683
56.582
56.48
56.379
56.277
56.176
56.075
55.974
55.874
55.773
55.673
55.573
55.473
55.373
55.273
55.174
55.075
54.976
54.877
54.778
54.679
54.581
54.482
54.384
54.286
54.188
54.091
53.993
53.896
53.799
53.702
53.605
53.508
53.412
53.315
53.219
53.123
53.027
52.932
52.836
52.741
52.645
52.55
52.455
52.361
52.266
52.172
52.077
51.983
51.889
51.796
51.702
51.608
51.515
51.422
51.329
51.236
51.143
51.051
50.959
50.866
50.774
50.682
50.591
50.499
50.408
50.316
50.225
50.134
50.043
49.953
49.862
49.772
49.682
49.591
49.502
49.412
49.322
49.233
49.143
49.054
48.965
48.876
48.788
48.699
48.611
48.523
48.435
48.347
48.259
48.171
48.084
47.996
47.909
47.822
47.735
47.648
47.562
47.475
47.389
47.303
47.217
47.131
47.045
46.96
46.874
46.789
46.704
46.619
46.534
46.449
46.365
46.28
46.196
46.112
46.028
45.944
45.861
45.777
45.694
45.61
45.527
45.444
45.361
45.279
45.196
45.114
45.032
44.949
44.868
44.786
44.704
44.622
44.541
44.46
44.379
44.298
44.217
44.136
44.056
43.975
43.895
43.815
43.735
43.655
43.575
43.495
43.416
43.337
43.257
43.178
43.099
43.021
42.942
42.863
42.785
42.707
42.629
42.551
42.473
42.395
42.318
42.24
42.163
42.086
42.009
41.932
41.855
41.779
41.702
41.626
41.549
41.473
41.397
41.322
41.246
41.17
41.095
41.02
40.944
40.869
40.794
40.72
40.645
40.57
40.496
40.422
40.348
40.274
40.2
40.126
40.052
39.979
39.906
39.832
39.759
39.686
39.613
39.541
39.468
39.396
39.323
39.251
39.179
39.107
39.035
38.963
38.892
38.82
38.749
38.678
38.607
38.536
38.465
38.394
38.324
38.253
38.183
38.113
38.043
37.973
37.903
37.833
37.763
37.694
37.625
37.555
37.486
37.417
37.348
37.28
37.211
37.142
37.074
37.006
36.938
36.87
36.802
36.734
36.666
36.599
36.531
36.464
36.397
36.33
36.263
36.196
36.129
36.063
35.996
35.93
35.863
35.797
35.731
35.665
35.6
35.534
35.468
35.403
35.338
35.272
35.207
35.142
35.077
35.013
34.948
34.884
34.819
34.755
34.691
34.627
34.563
34.499
34.435
34.371
34.308
34.245
34.181
34.118
34.055
33.992
33.929
33.867
33.804
33.741
33.679
33.617
33.555
33.493
33.431
33.369
33.307
33.246
33.184
33.123
33.061
33
32.939
32.878
32.817
32.757
32.696
32.635
32.575
32.515
32.454
32.394
32.334
32.274
32.215
32.155
32.095
32.036
31.977
31.917
31.858
31.799
31.74
31.681
31.623
31.564
31.506
31.447
31.389
31.331
31.273
31.215
31.157
31.099
31.041
30.984
30.926
30.869
30.812
30.754
30.697
30.64
30.584
30.527
30.47
30.414
30.357
30.301
30.245
30.188
30.132
30.076
30.021
29.965
29.909
29.854
29.798
29.743
29.688
29.632
29.577
29.522
29.468
29.413
29.358
29.304
29.249
29.195
29.14
29.086
29.032
28.978
28.924
28.871
28.817
28.763
28.71
28.656
28.603
28.55
28.497
28.444
28.391
28.338
28.285
28.233
28.18
28.128
28.075
28.023
27.971
27.919
27.867
27.815
27.763
27.711
27.66
27.608
27.557
27.506
27.454
27.403
27.352
27.301
27.25
27.2
27.149
27.098
27.048
26.997
26.947
26.897
26.847
26.797
26.747
26.697
26.647
26.597
26.548
26.498
26.449
26.4
26.35
26.301
26.252
26.203
26.154
26.106
26.057
26.008
25.96
25.911
25.863
25.815
25.766
25.718
25.67
25.622
25.575
25.527
25.479
25.432
25.384
25.337
25.289
25.242
25.195
25.148
25.101
25.054
25.007
24.961
24.914
24.867
24.821
24.775
24.728
24.682
24.636
24.59
24.544
24.498
24.452
24.407
24.361
24.315
24.27
24.225
24.179
24.134
24.089
24.044
23.999
23.954
23.909
23.865
23.82
23.775
23.731
23.686
23.642
23.598
23.554
23.51
23.466
23.422
23.378
23.334
23.291
23.247
23.203
23.16
23.117
23.073
23.03
22.987
22.944
22.901
22.858
22.815
22.773
22.73
22.687
22.645
22.602
22.56
22.518
22.476
22.434
22.391
22.35
22.308
22.266
22.224
22.182
22.141
22.099
22.058
22.017
21.975
21.934
21.893
21.852
21.811
21.77
21.729
21.689
21.648
