0
0.14948
0.29792
0.44534
0.59173
0.7371
0.88145
1.0248
1.1671
1.3085
1.4488
1.5882
1.7266
1.864
2.0004
2.1359
2.2704
2.404
2.5366
2.6682
2.799
2.9287
3.0576
3.1855
3.3125
3.4386
3.5638
3.6881
3.8115
3.934
4.0555
4.1762
4.2961
4.415
4.5331
4.6503
4.7666
4.8821
4.9968
5.1105
5.2235
5.3356
5.4469
5.5573
5.6669
5.7757
5.8837
5.9908
6.0972
6.2027
6.3075
6.4114
6.5146
6.617
6.7186
6.8194
6.9194
7.0187
7.1172
7.2149
7.3119
7.4082
7.5037
7.5984
7.6924
7.7857
7.8782
7.97
8.0611
8.1515
8.2411
8.33
8.4183
8.5058
8.5926
8.6787
8.7641
8.8489
8.9329
9.0163
9.099
9.181
9.2623
9.343
9.423
9.5024
9.5811
9.6591
9.7365
9.8133
9.8894
9.9649
10.04
10.114
10.188
10.26
10.333
10.405
10.476
10.546
10.616
10.685
10.754
10.822
10.89
10.957
11.023
11.089
11.154
11.218
11.282
11.346
11.409
11.471
11.533
11.594
11.655
11.715
11.774
11.833
11.892
11.95
12.007
12.064
12.12
12.176
12.231
12.286
12.34
12.394
12.447
12.5
12.552
12.604
12.655
12.705
12.756
12.805
12.854
12.903
12.951
12.999
13.046
13.093
13.14
13.186
13.231
13.276
13.32
13.364
13.408
13.451
13.494
13.536
13.578
13.619
13.66
13.7
13.74
13.78
13.819
13.858
13.896
13.934
13.971
14.008
14.045
14.081
14.117
14.152
14.187
14.222
14.256
14.29
14.323
14.356
14.389
14.421
14.453
14.484
14.515
14.546
14.576
14.606
14.636
14.665
14.694
14.722
14.75
14.778
14.805
14.832
14.859
14.885
14.911
14.937
14.962
14.987
15.012
15.036
15.06
15.083
15.107
15.129
15.152
15.174
15.196
15.218
15.239
15.26
15.28
15.301
15.321
15.34
15.36
15.379
15.398
15.416
15.434
15.452
15.47
15.487
15.504
15.52
15.537
15.553
15.569
15.584
15.599
15.614
15.629
15.643
15.657
15.671
15.685
15.698
15.711
15.724
15.736
15.748
15.76
15.772
15.783
15.795
15.805
15.816
15.826
15.837
15.847
15.856
15.866
15.875
15.884
15.892
15.901
15.909
15.917
15.925
15.932
15.939
15.946
15.953
15.96
15.966
15.972
15.978
15.983
15.989
15.994
15.999
16.004
16.008
16.013
16.017
16.021
16.025
16.028
16.031
16.034
16.037
16.04
16.043
16.045
16.047
16.049
16.051
16.052
16.053
16.054
16.055
16.056
16.057
16.057
16.057
16.057
16.057
16.057
16.056
16.055
16.054
16.053
16.052
16.051
16.049
16.047
16.045
16.043
16.041
16.038
16.036
16.033
16.03
16.027
16.024
16.02
16.017
16.013
16.009
16.005
16.001
15.996
15.992
15.987
15.982
15.977
15.972
15.967
15.962
15.956
15.95
15.945
15.939
15.933
15.926
15.92
15.913
15.907
15.9
15.893
15.886
15.879
15.871
15.864
15.856
15.849
15.841
15.833
15.825
15.816
15.808
15.8
15.791
15.782
15.773
15.764
15.755
15.746
15.737
15.728
15.718
15.708
15.699
15.689
15.679
15.669
15.658
15.648
15.638
15.627
15.617
15.606
15.595
15.584
15.573
15.562
15.551
15.539
15.528
15.516
15.505
15.493
15.481
15.469
15.457
15.445
15.433
15.421
15.408
15.396
15.383
15.371
15.358
15.345
15.332
15.319
15.306
15.293
15.28
15.267
15.253
15.24
15.226
15.212
15.199
15.185
15.171
15.157
15.143
15.129
15.115
15.1
15.086
15.072
15.057
15.043
15.028
15.013
14.999
14.984
14.969
14.954
14.939
14.924
14.909
14.893
14.878
14.863
14.847
14.832
14.816
14.801
14.785
14.769
14.754
14.738
14.722
14.706
14.69
14.674
14.658
14.641
14.625
14.609
14.593
14.576
14.56
14.543
14.527
14.51
14.493
14.477
14.46
14.443
14.426
14.409
14.392
14.375
14.358
14.341
14.324
14.307
14.29
14.272
14.255
14.238
14.22
14.203
14.186
14.168
14.15
14.133
14.115
14.098
14.08
14.062
14.044
14.026
14.009
13.991
13.973
13.955
13.937
13.919
13.901
13.883
13.864
13.846
13.828
13.81
13.792
13.773
13.755
13.737
13.718
13.7
13.681
13.663
13.644
13.626
13.607
13.589
13.57
13.551
13.533
13.514
13.495
13.477
13.458
13.439
13.42
13.401
13.383
13.364
13.345
13.326
13.307
13.288
13.269
13.25
13.231
13.212
13.193
13.174
13.155
13.136
13.117
13.097
13.078
13.059
13.04
13.021
13.001
12.982
12.963
12.944
12.924
12.905
12.886
12.867
12.847
12.828
12.808
12.789
12.77
12.75
12.731
12.711
12.692
12.673
12.653
12.634
12.614
12.595
12.575
12.556
12.536
12.517
12.497
12.478
12.458
12.439
12.419
12.4
12.38
12.36
12.341
12.321
12.302
12.282
12.263
12.243
12.223
12.204
12.184
12.165
12.145
12.125
12.106
12.086
12.067
12.047
12.027
12.008
11.988
11.968
11.949
11.929
11.91
11.89
11.87
11.851
11.831
11.811
11.792
11.772
11.753
11.733
11.713
11.694
11.674
11.655
11.635
11.615
11.596
11.576
11.557
11.537
11.517
11.498
11.478
11.459
11.439
11.42
11.4
11.381
11.361
11.341
11.322
11.302
11.283
11.263
11.244
11.224
11.205
11.185
11.166
11.147
11.127
11.108
11.088
11.069
11.049
11.03
11.01
10.991
10.972
10.952
10.933
10.914
10.894
10.875
10.856
10.836
10.817
10.798
10.778
10.759
10.74
10.721
10.701
10.682
10.663
10.644
10.624
10.605
10.586
10.567
10.548
10.529
10.51
10.49
10.471
10.452
10.433
10.414
10.395
10.376
10.357
10.338
10.319
10.3
10.281
10.262
10.243
10.224
10.205
10.187
10.168
10.149
10.13
10.111
10.092
10.073
10.055
10.036
10.017
9.9984
9.9797
9.961
9.9423
9.9237
9.905
9.8864
9.8677
9.8491
9.8306
9.812
9.7934
9.7749
9.7564
9.7379
9.7194
9.7009
9.6825
9.664
9.6456
9.6272
9.6088
9.5905
9.5721
9.5538
9.5355
9.5172
9.4989
9.4807
9.4624
9.4442
9.426
9.4079
9.3897
9.3716
9.3534
9.3353
9.3173
9.2992
9.2811
9.2631
9.2451
9.2271
9.2092
9.1912
9.1733
9.1554
9.1375
9.1196
9.1018
9.084
9.0661
9.0484
9.0306
9.0128
8.9951
8.9774
8.9597
8.9421
8.9244
8.9068
8.8892
8.8716
8.8541
8.8365
8.819
8.8015
8.784
8.7666
8.7491
8.7317
8.7143
8.697
8.6796
8.6623
8.645
8.6277
8.6104
8.5932
8.576
8.5588
8.5416
8.5245
8.5073
8.4902
8.4731
8.4561
8.439
8.422
8.405
8.388
8.3711
8.3541
8.3372
8.3203
8.3035
8.2866
8.2698
8.253
8.2362
8.2195
8.2028
8.186
8.1694
8.1527
8.1361
8.1194
8.1029
8.0863
8.0697
8.0532
8.0367
8.0202
8.0038
7.9873
7.9709
7.9546
7.9382
7.9218
7.9055
7.8892
7.873
7.8567
7.8405
7.8243
7.8081
7.792
7.7758
7.7597
7.7436
7.7276
7.7115
7.6955
7.6795
7.6636
7.6476
7.6317
7.6158
7.6
7.5841
7.5683
7.5525
7.5367
7.521
7.5052
7.4895
7.4738
7.4582
7.4425
7.4269
7.4113
7.3958
7.3802
7.3647
7.3492
7.3338
7.3183
7.3029
7.2875
7.2721
7.2568
7.2415
7.2262
7.2109
7.1956
7.1804
7.1652
7.15
7.1349
7.1198
7.1046
7.0896
7.0745
7.0595
7.0445
7.0295
7.0145
6.9996
6.9847
6.9698
6.9549
6.9401
6.9252
6.9104
6.8957
6.8809
6.8662
6.8515
6.8368
6.8222
6.8076
6.793
6.7784
6.7638
6.7493
6.7348
6.7203
6.7059
6.6914
6.677
6.6626
6.6483
6.6339
6.6196
6.6053
6.5911
6.5768
6.5626
6.5484
6.5343
6.5201
6.506
6.4919
6.4778
6.4638
6.4498
6.4358
6.4218
6.4078
6.3939
6.38
6.3661
6.3523
6.3384
6.3246
6.3109
6.2971
6.2834
6.2697
6.256
6.2423
6.2287
6.2151
6.2015
6.1879
6.1744
6.1608
6.1473
6.1339
6.1204
6.107
6.0936
6.0802
6.0669
6.0535
6.0402
6.027
6.0137
6.0005
5.9873
5.9741
5.9609
5.9478
5.9347
5.9216
5.9085
5.8955
5.8824
5.8694
5.8565
5.8435
5.8306
5.8177
5.8048
5.792
5.7791
5.7663
5.7535
5.7408
5.728
5.7153
5.7026
5.69
5.6773
5.6647
5.6521
5.6395
5.627
5.6145
5.602
5.5895
5.577
5.5646
5.5522
5.5398
5.5274
5.5151
5.5028
5.4905
5.4782
5.4659
5.4537
5.4415
5.4293
5.4172
5.405
5.3929
5.3808
5.3688
5.3567
5.3447
5.3327
5.3208
5.3088
5.2969
5.285
5.2731
5.2612
5.2494
5.2376
5.2258
5.214
5.2023
5.1906
5.1789
5.1672
5.1555
5.1439
5.1323
5.1207
5.1091
5.0976
5.0861
5.0746
5.0631
5.0516
5.0402
5.0288
5.0174
5.006
4.9947
4.9834
4.9721
4.9608
4.9496
4.9383
4.9271
4.9159
4.9048
4.8936
4.8825
4.8714
4.8603
4.8493
4.8382
4.8272
4.8162
4.8053
4.7943
4.7834
4.7725
4.7616
4.7507
4.7399
4.7291
4.7183
4.7075
4.6968
4.686
4.6753
4.6646
4.654
4.6433
4.6327
4.6221
4.6115
4.601
4.5904
4.5799
4.5694
4.559
4.5485
4.5381
4.5277
4.5173
4.5069
4.4966
4.4862
4.4759
4.4656
4.4554
4.4451
4.4349
4.4247
4.4145
4.4044
4.3942
4.3841
4.374
4.364
4.3539
4.3439
4.3338
4.3239
4.3139
4.3039
4.294
4.2841
4.2742
4.2643
4.2545
4.2446
4.2348
4.2251
4.2153
4.2055
4.1958
4.1861
4.1764
4.1667
4.1571
4.1475
4.1379
4.1283
4.1187
4.1092
4.0996
4.0901
4.0806
4.0712
4.0617
4.0523
4.0429
4.0335
4.0241
4.0148
4.0054
3.9961
3.9868
3.9776
3.9683
3.9591
3.9499
3.9407
3.9315
3.9224
3.9132
3.9041
3.895
3.8859
3.8769
3.8678
3.8588
3.8498
3.8408
3.8319
3.8229
3.814
3.8051
3.7962
3.7873
3.7785
3.7697
3.7609
3.7521
3.7433
3.7345
3.7258
3.7171
3.7084
3.6997
3.691
3.6824
3.6738
3.6652
3.6566
3.648
3.6395
3.6309
3.6224
3.6139
3.6054
3.597
3.5886
3.5801
3.5717
3.5633
3.555
3.5466
3.5383
3.53
3.5217
3.5134
3.5051
3.4969
3.4887
3.4805
3.4723
3.4641
3.456
3.4478
3.4397
3.4316
3.4235
3.4155
3.4074
3.3994
3.3914
3.3834
3.3754
3.3675
3.3595
3.3516
3.3437
3.3358
3.3279
3.3201
3.3122
3.3044
3.2966
3.2888
3.2811
3.2733
3.2656
3.2579
3.2502
3.2425
3.2348
3.2272
3.2195
3.2119
3.2043
3.1967
3.1892
3.1816
3.1741
3.1666
3.1591
3.1516
3.1441
3.1367
3.1292
3.1218
3.1144
3.1071
3.0997
3.0923
3.085
3.0777
3.0704
3.0631
3.0558
3.0486
3.0413
3.0341
3.0269
3.0197
3.0126
3.0054
2.9983
2.9911
2.984
2.9769
2.9699
2.9628
2.9558
2.9487
2.9417
2.9347
2.9277
2.9208
2.9138
2.9069
2.9
2.8931
2.8862
2.8793
2.8725
2.8656
2.8588
2.852
2.8452
2.8384
2.8316
2.8249
2.8182
2.8114
2.8047
2.7981
2.7914
2.7847
2.7781
2.7715
2.7648
2.7582
2.7517
2.7451
2.7385
2.732
2.7255
2.719
2.7125
2.706
2.6995
2.6931
2.6867
2.6802
2.6738
2.6674
2.6611
2.6547
2.6484
2.642
2.6357
2.6294
2.6231
2.6168
2.6106
2.6043
2.5981
2.5919
2.5857
2.5795
2.5733
2.5671
2.561
2.5549
2.5488
2.5426
2.5366
2.5305
2.5244
2.5184
2.5123
2.5063
2.5003
2.4943
2.4883
2.4824
2.4764
2.4705
2.4646
2.4586
2.4527
2.4469
2.441
2.4351
2.4293
2.4235
2.4177
2.4118
2.4061
2.4003
2.3945
2.3888
2.383
2.3773
2.3716
2.3659
2.3602
2.3546
2.3489
2.3433
2.3376
2.332
2.3264
2.3208
2.3152
2.3097
2.3041
2.2986
2.2931
2.2875
2.282
2.2766
2.2711
2.2656
2.2602
2.2547
2.2493
2.2439
2.2385
2.2331
2.2277
2.2224
2.217
2.2117
2.2064
2.2011
2.1958
2.1905
2.1852
2.1799
2.1747
2.1695
2.1642
2.159
2.1538
2.1486
2.1435
2.1383
2.1331
2.128
2.1229
2.1178
2.1127
2.1076
2.1025
2.0974
2.0924
2.0873
2.0823
2.0773
2.0723
2.0673
2.0623
2.0573
2.0523
2.0474
2.0425
2.0375
2.0326
2.0277
2.0228
2.0179
2.0131
2.0082
2.0034
1.9985
1.9937
1.9889
1.9841
1.9793
1.9745
1.9698
1.965
1.9603
1.9555
1.9508
1.9461
1.9414
1.9367
1.9321
1.9274
1.9227
1.9181
1.9135
1.9088
1.9042
1.8996
1.895
1.8905
1.8859
1.8813
1.8768
1.8723
1.8677
1.8632
1.8587
1.8542
1.8498
1.8453
1.8408
1.8364
1.8319
1.8275
1.8231
1.8187
1.8143
1.8099
1.8055
1.8012
1.7968
1.7925
1.7881
1.7838
1.7795
1.7752
1.7709
1.7666
1.7624
1.7581
1.7539
1.7496
1.7454
1.7412
1.737
1.7328
1.7286
1.7244
1.7202
1.7161
1.7119
1.7078
1.7036
1.6995
1.6954
1.6913
1.6872
1.6831
1.6791
1.675
1.671
1.6669
1.6629
1.6589
1.6548
1.6508
1.6469
1.6429
1.6389
1.6349
1.631
1.627
1.6231
1.6192
1.6152
1.6113
1.6074
1.6036
1.5997
1.5958
1.5919
1.5881
1.5843
1.5804
1.5766
1.5728
1.569
1.5652
1.5614
1.5576
1.5538
1.5501
1.5463
1.5426
1.5389
1.5351
1.5314
1.5277
1.524
1.5203
1.5167
1.513
1.5093
1.5057
1.502
1.4984
1.4948
1.4912
1.4876
1.484
1.4804
1.4768
1.4732
1.4696
1.4661
1.4625
1.459
1.4555
1.452
1.4484
1.4449
1.4414
1.438
1.4345
1.431
1.4275
1.4241
1.4207
1.4172
1.4138
1.4104
1.407
1.4036
1.4002
1.3968
1.3934
1.39
1.3867
1.3833
1.38
1.3766
1.3733
1.37
1.3667
1.3634
1.3601
1.3568
1.3535
1.3502
1.347
1.3437
1.3404
1.3372
1.334
1.3307
1.3275
1.3243
1.3211
1.3179
1.3147
1.3116
1.3084
1.3052
1.3021
1.2989
1.2958
1.2927
1.2895
1.2864
1.2833
1.2802
1.2771
1.274
1.2709
1.2679
1.2648
1.2618
1.2587
1.2557
1.2526
1.2496
1.2466
1.2436
1.2406
1.2376
1.2346
1.2316
1.2286
1.2257
1.2227
1.2198
1.2168
1.2139
1.2109
1.208
1.2051
1.2022
1.1993
1.1964
1.1935
1.1906
1.1877
1.1849
1.182
1.1792
1.1763
1.1735
1.1707
1.1678
1.165
1.1622
1.1594
1.1566
1.1538
1.151
1.1482
1.1455
1.1427
1.14
1.1372
1.1345
1.1317
1.129
1.1263
1.1236
1.1209
1.1181
1.1155
1.1128
1.1101
1.1074
1.1047
1.1021
1.0994
1.0968
1.0941
1.0915
1.0889
1.0862
1.0836
1.081
1.0784
1.0758
1.0732
1.0706
1.0681
1.0655
1.0629
1.0604
1.0578
1.0553
1.0527
1.0502
1.0477
1.0451
1.0426
1.0401
1.0376
1.0351
1.0326
1.0301
1.0277
1.0252
1.0227
1.0203
1.0178
1.0154
1.0129
1.0105
1.008
1.0056
1.0032
1.0008
0.99839
0.99599
0.9936
0.99121
0.98883
0.98645
0.98408
0.98171
0.97936
0.977
0.97466
0.97232
0.96998
0.96765
0.96533
0.96301
0.9607
0.95839
0.95609
0.9538
0.95151
0.94922
0.94695
0.94467
0.94241
0.94015
0.93789
0.93564
0.9334
0.93116
0.92892
0.9267
0.92447
0.92226
0.92005
0.91784
0.91564
0.91345
0.91126
0.90907
0.9069
0.90472
0.90256
0.90039
0.89824
0.89609
0.89394
0.8918
0.88966
0.88753
0.88541
0.88329
0.88118
0.87907
0.87696
0.87487
0.87277
0.87068
0.8686
0.86652
0.86445
0.86238
0.86032
0.85826
0.85621
0.85417
0.85212
0.85009
0.84806
0.84603
0.84401
0.84199
0.83998
0.83797
0.83597
0.83398
0.83199
0.83
0.82802
0.82604
0.82407
0.8221
0.82014
0.81818
0.81623
0.81428
0.81234
0.8104
0.80847
0.80654
0.80462
0.8027
0.80079
0.79888
0.79698
0.79508
0.79318
0.79129
0.78941
0.78753
0.78565
0.78378
0.78191
0.78005
0.7782
0.77634
0.7745
0.77265
0.77081
0.76898
0.76715
0.76533
0.76351
0.76169
0.75988
0.75807
0.75627
0.75447
0.75268
0.75089
0.74911
0.74733
0.74555
0.74378
0.74201
0.74025
0.73849
0.73674
0.73499
0.73325
0.73151
0.72977
0.72804
0.72631
0.72459
0.72287
0.72116
0.71945
0.71774
0.71604
0.71434
0.71265
0.71096
0.70928
0.7076
0.70592
0.70425
0.70258
0.70092
0.69926
0.6976
0.69595
0.6943
0.69266
0.69102
0.68939
0.68776
0.68613
0.68451
0.68289
0.68127
0.67966
0.67806
0.67646
0.67486
0.67326
0.67167
0.67009
0.6685
0.66693
0.66535
0.66378
0.66221
0.66065
0.65909
0.65754
0.65599
0.65444
0.6529
0.65136
0.64982
0.64829
0.64676
0.64524
0.64372
0.6422
0.64069
0.63918
0.63767
0.63617
0.63468
0.63318
0.63169
0.63021
0.62872
0.62724
0.62577
0.6243
0.62283
0.62137
0.6199
0.61845
0.61699
0.61555
0.6141
0.61266
0.61122
0.60978
0.60835
0.60692
0.6055
0.60408
0.60266
0.60125
0.59984
0.59843
0.59703
0.59563
0.59423
0.59284
0.59145
0.59007
0.58868
0.5873
0.58593
0.58456
0.58319
0.58182
0.58046
0.5791
0.57775
0.5764
0.57505
0.57371
0.57236
0.57103
0.56969
0.56836
0.56703
0.56571
0.56439
0.56307
0.56176
0.56044
0.55914
0.55783
0.55653
0.55523
0.55394
0.55265
0.55136
0.55007
0.54879
0.54751
0.54623
0.54496
0.54369
0.54243
0.54116
0.5399
0.53865
0.53739
0.53614
0.5349
0.53365
0.53241
0.53117
0.52994
0.52871
0.52748
0.52625
0.52503
0.52381
0.5226
0.52138
0.52017
0.51897
0.51776
0.51656
0.51536
0.51417
0.51297
0.51179
0.5106
0.50942
0.50824
0.50706
0.50588
0.50471
0.50354
0.50238
0.50122
0.50006
0.4989
0.49775
0.49659
0.49545
0.4943
0.49316
0.49202
0.49088
0.48975
0.48862
0.48749
0.48636
0.48524
0.48412
0.483
0.48189
0.48078
