0
3.8977e-09
6.2227e-08
3.1433e-07
9.9123e-07
2.4146e-06
4.9956e-06
9.234e-06
1.5717e-05
2.5118e-05
3.8195e-05
5.5791e-05
7.8832e-05
0.00010832
0.00014536
0.0001911
0.00024679
0.00031376
0.00039341
0.0004872
0.00059669
0.0007235
0.00086932
0.0010359
0.0012251
0.0014387
0.0016789
0.0019475
0.0022467
0.0025786
0.0029455
0.0033496
0.0037933
0.0042789
0.004809
0.0053859
0.0060123
0.0066908
0.0074241
0.0082148
0.0090657
0.0099797
0.01096
0.012008
0.013129
0.014324
0.015597
0.01695
0.018388
0.019913
0.021528
0.023237
0.025042
0.026948
0.028957
0.031072
0.033298
0.035637
0.038094
0.040671
0.043372
0.0462
0.049159
0.052253
0.055486
0.05886
0.062379
0.066048
0.069869
0.073847
0.077985
0.082287
0.086756
0.091397
0.096213
0.10121
0.10639
0.11175
0.1173
0.12305
0.129
0.13514
0.1415
0.14806
0.15483
0.16183
0.16904
0.17647
0.18414
0.19204
0.20017
0.20854
0.21716
0.22602
0.23514
0.24451
0.25414
0.26403
0.27419
0.28462
0.29532
0.3063
0.31756
0.3291
0.34094
0.35306
0.36549
0.37821
0.39124
0.40457
0.41821
0.43217
0.44645
0.46104
0.47597
0.49122
0.5068
0.52272
0.53898
0.55558
0.57253
0.58983
0.60748
0.62548
0.64385
0.66258
0.68167
0.70114
0.72097
0.74119
0.76178
0.78276
0.80412
0.82587
0.84801
0.87055
0.89349
0.91683
0.94057
0.96472
0.98928
1.0143
1.0396
1.0655
1.0917
1.1183
1.1454
1.1729
1.2009
1.2293
1.2581
1.2874
1.3171
1.3472
1.3778
1.4089
1.4404
1.4724
1.5048
1.5377
1.571
1.6049
1.6391
1.6739
1.7091
1.7448
1.781
1.8177
1.8549
1.8925
1.9306
1.9692
2.0083
2.0479
2.088
2.1286
2.1697
2.2113
2.2534
2.296
2.3391
2.3827
2.4268
2.4714
2.5166
2.5622
2.6084
2.6551
2.7023
2.7501
2.7983
2.8471
2.8964
2.9463
2.9966
3.0475
3.099
3.1509
3.2034
3.2565
3.31
3.3641
3.4188
3.474
3.5297
3.586
3.6428
3.7001
3.758
3.8165
3.8755
3.935
3.9951
4.0558
4.117
4.1787
4.241
4.3039
4.3673
4.4313
4.4958
4.5609
4.6265
4.6927
4.7594
4.8267
4.8946
4.963
5.032
5.1016
5.1717
5.2423
5.3136
5.3854
5.4577
5.5306
5.6041
5.6782
5.7528
5.8279
5.9037
5.98
6.0568
6.1343
6.2123
6.2908
6.3699
6.4496
6.5299
6.6107
6.6921
6.774
6.8565
6.9396
7.0232
7.1074
7.1922
7.2775
7.3634
7.4499
7.5369
7.6245
7.7126
7.8013
7.8906
7.9804
8.0708
8.1617
8.2532
8.3453
8.4379
8.5311
8.6248
8.7191
8.814
8.9094
9.0054
9.1019
9.199
9.2966
9.3948
9.4935
9.5928
9.6927
9.793
9.894
9.9955
10.098
10.2
10.303
10.407
10.511
10.616
10.721
10.827
10.934
11.04
11.148
11.256
11.365
11.474
11.583
11.693
11.804
11.915
12.027
12.139
12.252
12.366
12.479
12.594
12.709
12.824
12.94
13.057
13.174
13.291
13.409
13.528
13.647
13.767
13.887
14.008
14.129
14.25
14.373
14.495
14.618
14.742
14.866
14.991
15.116
15.242
15.368
15.495
15.622
15.75
15.878
16.007
16.136
16.266
16.396
16.526
16.658
16.789
16.921
17.054
17.187
17.32
17.454
17.589
17.724
17.859
17.995
18.132
18.268
18.406
18.543
18.682
18.82
18.96
19.099
19.239
19.38
19.521
19.662
19.804
19.946
20.089
20.232
20.376
20.52
20.665
20.81
20.955
21.101
21.247
21.394
21.541
21.689
21.837
21.985
22.134
22.283
22.433
22.583
22.734
22.885
23.036
23.188
23.34
23.493
23.646
23.799
23.953
24.107
24.262
24.417
24.572
24.728
24.884
25.041
25.198
25.355
25.513
25.671
25.83
25.989
26.148
26.308
26.468
26.628
26.789
26.95
27.112
27.273
27.436
27.598
27.761
27.925
28.088
28.253
28.417
28.582
28.747
28.912
29.078
29.244
29.411
29.578
29.745
29.913
30.08
30.249
30.417
30.586
30.755
30.925
31.095
31.265
31.436
31.606
31.778
31.949
32.121
32.293
32.465
32.638
32.811
32.985
33.158
33.332
33.507
33.681
33.856
34.031
34.207
34.382
34.558
34.735
34.911
35.088
35.266
35.443
35.621
35.799
35.977
36.156
36.335
36.514
36.693
36.873
37.053
37.233
37.414
37.594
37.775
37.957
38.138
38.32
38.502
38.684
38.867
39.05
39.233
39.416
39.599
39.783
39.967
40.151
40.336
40.521
40.705
40.891
41.076
41.262
41.448
41.634
41.82
42.006
42.193
42.38
42.567
42.755
42.942
43.13
43.318
43.506
43.695
43.884
44.072
44.261
44.451
44.64
44.83
45.02
45.21
45.4
45.59
45.781
45.972
46.163
46.354
46.545
46.737
46.928
47.12
47.312
47.505
47.697
47.89
48.082
48.275
48.468
48.662
48.855
49.048
49.242
49.436
49.63
49.824
50.019
50.213
50.408
50.603
50.798
50.993
51.188
51.383
51.579
51.774
51.97
52.166
52.362
52.558
52.755
52.951
53.148
53.345
53.541
53.738
53.935
54.133
54.33
54.527
54.725
54.923
55.121
55.318
55.516
55.715
55.913
56.111
56.31
56.508
56.707
56.906
57.105
57.304
57.503
57.702
57.901
58.1
58.3
58.499
58.699
58.899
59.099
59.298
59.498
59.698
59.899
60.099
60.299
60.499
60.7
60.9
61.101
61.302
61.502
61.703
61.904
62.105
62.306
62.507
62.708
62.909
63.111
63.312
63.513
63.715
63.916
64.118
64.319
64.521
64.723
64.924
65.126
65.328
65.53
65.732
65.934
66.136
66.338
66.54
66.742
66.944
67.146
67.348
67.551
67.753
67.955
68.158
68.36
68.562
68.765
68.967
69.17
69.372
69.575
69.777
69.98
70.182
70.385
70.588
70.79
70.993
71.195
71.398
71.601
71.803
72.006
72.209
72.411
72.614
72.817
73.02
73.222
73.425
73.628
73.83
74.033
74.236
74.438
74.641
74.844
75.046
75.249
75.452
75.654
75.857
76.059
76.262
76.465
76.667
76.87
77.072
77.275
77.477
77.68
77.882
78.084
78.287
78.489
78.691
78.894
79.096
79.298
79.5
79.703
79.905
80.107
80.309
80.511
80.713
80.915
81.117
81.319
81.521
81.722
81.924
82.126
82.328
82.529
82.731
82.932
83.134
83.335
83.537
83.738
83.939
84.14
84.342
84.543
84.744
84.945
85.146
85.347
85.548
85.748
85.949
86.15
86.35
86.551
86.752
86.952
87.152
87.353
87.553
87.753
87.953
88.153
88.353
88.553
88.753
88.953
89.152
89.352
89.551
89.751
89.95
90.15
90.349
90.548
90.747
90.946
91.145
91.344
91.543
91.741
91.94
92.138
92.337
92.535
92.733
92.932
93.13
93.328
93.525
93.723
93.921
94.119
94.316
94.514
94.711
94.908
95.105
95.303
95.5
95.696
95.893
96.09
96.287
96.483
96.679
96.876
97.072
97.268
97.464
97.66
97.856
98.051
98.247
98.443
98.638
98.833
99.028
99.223
99.418
99.613
99.808
100
100.2
100.39
100.59
100.78
100.97
101.17
101.36
101.56
101.75
101.94
102.14
102.33
102.52
102.72
102.91
103.1
103.29
103.49
103.68
103.87
104.06
104.26
104.45
104.64
104.83
105.02
105.21
105.41
105.6
105.79
105.98
106.17
106.36
106.55
106.74
106.93
107.12
107.31
107.5
107.69
107.88
108.07
108.26
108.45
108.64
108.83
109.02
109.21
109.39
109.58
109.77
109.96
110.15
110.34
110.52
110.71
110.9
111.09
111.27
111.46
111.65
111.83
112.02
112.21
112.39
112.58
112.77
112.95
113.14
113.32
113.51
113.69
113.88
114.06
114.25
114.43
114.62
114.8
114.99
115.17
115.36
115.54
115.72
115.91
116.09
116.27
116.46
116.64
116.82
117.01
117.19
117.37
117.55
117.74
117.92
118.1
118.28
118.46
118.64
118.83
119.01
119.19
119.37
119.55
119.73
119.91
120.09
120.27
120.45
120.63
120.81
120.99
121.17
121.35
121.53
121.71
121.88
122.06
122.24
122.42
122.6
122.77
122.95
123.13
123.31
123.48
123.66
123.84
124.01
124.19
124.37
124.54
124.72
124.9
125.07
125.25
125.42
125.6
125.77
125.95
126.12
126.3
126.47
126.65
126.82
126.99
127.17
127.34
127.51
127.69
127.86
128.03
128.21
128.38
128.55
128.72
128.9
129.07
129.24
129.41
129.58
129.75
129.92
130.1
130.27
130.44
130.61
130.78
130.95
131.12
131.29
131.46
131.63
131.79
131.96
132.13
132.3
132.47
132.64
132.81
132.97
133.14
133.31
133.48
133.64
133.81
133.98
134.15
134.31
134.48
134.65
134.81
134.98
135.14
135.31
135.47
135.64
135.8
135.97
136.13
136.3
136.46
136.63
136.79
136.96
137.12
137.28
137.45
137.61
137.77
137.93
138.1
138.26
138.42
138.58
138.75
138.91
139.07
139.23
139.39
139.55
139.71
139.87
140.04
140.2
140.36
140.52
140.68
140.84
140.99
141.15
141.31
141.47
141.63
141.79
141.95
142.11
142.26
142.42
142.58
142.74
142.89
143.05
143.21
143.37
143.52
143.68
143.84
143.99
144.15
144.3
144.46
144.61
144.77
144.92
145.08
145.23
145.39
145.54
145.7
145.85
146
146.16
146.31
146.46
146.62
146.77
146.92
147.08
147.23
147.38
147.53
147.68
147.84
147.99
148.14
148.29
148.44
148.59
148.74
148.89
149.04
149.19
149.34
149.49
149.64
149.79
149.94
150.09
150.24
150.39
150.54
150.68
150.83
150.98
151.13
151.28
151.42
151.57
151.72
151.86
152.01
152.16
152.3
152.45
152.6
152.74
152.89
153.03
153.18
153.32
153.47
153.61
153.76
153.9
154.04
154.19
154.33
154.48
154.62
154.76
154.91
155.05
155.19
155.33
155.48
155.62
155.76
155.9
156.04
156.19
156.33
156.47
156.61
156.75
156.89
157.03
157.17
157.31
157.45
157.59
157.73
157.87
158.01
158.15
158.29
158.43
158.56
158.7
158.84
158.98
159.12
159.25
159.39
159.53
159.67
159.8
159.94
160.08
160.21
160.35
160.49
160.62
160.76
160.89
161.03
161.16
161.3
161.43
161.57
161.7
161.84
161.97
162.1
162.24
162.37
162.5
162.64
162.77
162.9
163.04
163.17
163.3
163.43
163.57
163.7
163.83
163.96
164.09
164.22
164.35
164.48
164.62
164.75
164.88
165.01
165.14
165.27
165.4
165.52
165.65
165.78
165.91
166.04
166.17
166.3
166.43
166.55
166.68
166.81
166.94
167.06
167.19
167.32
167.45
167.57
167.7
167.83
167.95
168.08
168.2
168.33
168.45
168.58
168.7
168.83
168.95
169.08
169.2
169.33
169.45
169.58
169.7
169.82
169.95
170.07
170.19
170.32
170.44
170.56
170.68
170.81
170.93
171.05
171.17
171.29
171.41
171.54
171.66
171.78
171.9
172.02
172.14
172.26
172.38
172.5
172.62
172.74
172.86
172.98
173.1
173.22
173.33
173.45
173.57
173.69
173.81
173.93
174.04
174.16
174.28
174.4
174.51
174.63
174.75
174.86
174.98
175.1
175.21
175.33
175.44
175.56
175.67
175.79
175.91
176.02
176.14
176.25
176.36
176.48
176.59
176.71
176.82
176.93
177.05
177.16
177.27
177.39
177.5
177.61
177.73
177.84
177.95
178.06
178.17
178.29
178.4
178.51
178.62
178.73
178.84
178.95
179.06
179.17
179.28
179.39
179.5
179.61
179.72
179.83
179.94
180.05
180.16
180.27
180.38
180.49
180.6
180.7
180.81
180.92
181.03
181.14
181.24
181.35
181.46
181.56
181.67
181.78
181.88
181.99
182.1
182.2
182.31
182.41
182.52
182.63
182.73
182.84
182.94
183.05
183.15
183.26
183.36
183.46
183.57
183.67
183.78
183.88
183.98
184.09
184.19
184.29
184.4
184.5
184.6
184.7
184.81
184.91
185.01
185.11
185.21
185.31
185.42
185.52
185.62
185.72
185.82
185.92
186.02
186.12
186.22
186.32
186.42
186.52
186.62
186.72
186.82
186.92
187.02
187.12
187.21
187.31
187.41
187.51
187.61
187.71
187.8
187.9
188
188.1
188.19
188.29
188.39
188.48
188.58
188.68
188.77
188.87
188.97
189.06
189.16
189.25
189.35
189.44
189.54
189.63
189.73
189.82
189.92
190.01
190.11
190.2
190.29
190.39
190.48
190.58
190.67
190.76
190.86
190.95
191.04
191.13
191.23
191.32
191.41
191.5
191.6
191.69
191.78
191.87
191.96
192.05
192.15
192.24
192.33
192.42
192.51
192.6
192.69
192.78
192.87
192.96
193.05
193.14
193.23
193.32
193.41
193.5
193.59
193.67
193.76
193.85
193.94
194.03
194.12
194.2
194.29
194.38
194.47
194.56
194.64
194.73
194.82
194.9
194.99
195.08
195.16
195.25
195.34
195.42
195.51
195.59
195.68
195.77
195.85
195.94
196.02
196.11
196.19
196.28
196.36
196.45
196.53
196.62
196.7
196.78
196.87
196.95
197.03
197.12
197.2
197.29
197.37
197.45
197.53
197.62
197.7
197.78
197.86
197.95
198.03
198.11
198.19
198.27
198.36
198.44
198.52
198.6
198.68
198.76
198.84
198.92
199
199.08
199.16
199.24
199.32
199.4
199.48
199.56
199.64
199.72
199.8
199.88
199.96
200.04
200.12
200.2
200.28
200.35
200.43
200.51
200.59
200.67
200.74
200.82
200.9
200.98
201.05
201.13
201.21
201.29
201.36
201.44
201.52
201.59
201.67
201.74
201.82
201.9
201.97
202.05
202.12
202.2
202.28
202.35
202.43
202.5
202.58
202.65
202.72
202.8
202.87
202.95
203.02
203.1
203.17
203.24
203.32
203.39
203.46
203.54
203.61
203.68
203.76
203.83
203.9
203.98
204.05
204.12
204.19
204.27
204.34
204.41
204.48
204.55
204.62
204.7
204.77
204.84
204.91
204.98
205.05
205.12
205.19
205.26
205.33
205.41
205.48
205.55
205.62
205.69
205.76
205.82
205.89
205.96
206.03
206.1
206.17
206.24
206.31
206.38
206.45
206.52
206.58
206.65
206.72
206.79
206.86
206.92
206.99
207.06
207.13
207.2
207.26
207.33
207.4
207.46
207.53
207.6
207.66
207.73
207.8
207.86
207.93
208
208.06
208.13
208.19
208.26
208.33
208.39
208.46
208.52
208.59
208.65
208.72
208.78
208.85
208.91
208.98
209.04
209.11
209.17
209.23
209.3
209.36
209.43
209.49
209.55
209.62
209.68
209.74
209.81
209.87
209.93
210
210.06
210.12
210.18
210.25
210.31
210.37
210.43
210.49
210.56
210.62
210.68
210.74
210.8
210.87
210.93
210.99
211.05
211.11
211.17
211.23
211.29
211.35
211.41
211.47
211.53
211.6
211.66
211.72
211.78
211.84
211.9
211.95
212.01
212.07
212.13
212.19
212.25
212.31
212.37
212.43
212.49
212.55
212.6
212.66
212.72
212.78
212.84
212.9
212.95
213.01
213.07
213.13
213.19
213.24
213.3
213.36
213.42
213.47
213.53
213.59
213.64
213.7
213.76
213.81
213.87
213.93
213.98
214.04
214.1
214.15
214.21
214.26
214.32
214.37
214.43
214.49
214.54
214.6
214.65
214.71
214.76
214.82
214.87
214.93
214.98
215.04
215.09
215.14
215.2
215.25
215.31
215.36
215.41
215.47
215.52
215.58
215.63
215.68
215.74
215.79
215.84
215.9
215.95
216
216.06
216.11
216.16
216.21
216.27
216.32
216.37
216.42
216.48
216.53
216.58
216.63
216.68
216.73
216.79
216.84
216.89
216.94
216.99
217.04
217.09
217.15
217.2
217.25
217.3
217.35
217.4
217.45
217.5
217.55
217.6
217.65
217.7
217.75
217.8
217.85
217.9
217.95
218
218.05
218.1
218.15
218.2
218.25
218.3
218.35
218.39
218.44
218.49
218.54
218.59
218.64
218.69
218.73
218.78
218.83
218.88
218.93
218.97
219.02
219.07
219.12
219.17
219.21
219.26
219.31
219.36
219.4
219.45
219.5
219.54
219.59
219.64
219.68
219.73
219.78
219.82
219.87
219.92
219.96
220.01
220.06
220.1
220.15
220.19
220.24
220.29
220.33
220.38
220.42
220.47
220.51
220.56
220.6
220.65
220.69
220.74
220.78
220.83
220.87
220.92
220.96
221.01
221.05
221.1
221.14
221.18
221.23
221.27
221.32
221.36
221.4
221.45
221.49
221.54
221.58
221.62
221.67
221.71
221.75
221.8
221.84
221.88
221.92
221.97
222.01
222.05
222.1
222.14
222.18
222.22
222.27
222.31
222.35
222.39
222.43
222.48
222.52
222.56
222.6
222.64
222.69
222.73
222.77
222.81
222.85
222.89
222.93
222.98
223.02
223.06
223.1
223.14
223.18
223.22
223.26
223.3
223.34
223.38
223.42
223.46
223.5
223.54
223.58
223.62
223.66
223.7
223.74
223.78
223.82
223.86
223.9
223.94
223.98
224.02
224.06
224.1
224.14
224.18
224.22
224.26
224.29
224.33
224.37
224.41
224.45
224.49
224.53
224.57
224.6
224.64
224.68
224.72
224.76
224.79
224.83
224.87
224.91
224.95
224.98
225.02
225.06
225.1
225.13
225.17
225.21
225.25
225.28
225.32
225.36
225.39
225.43
225.47
225.5
225.54
225.58
225.61
225.65
225.69
225.72
225.76
225.8
225.83
225.87
225.91
225.94
225.98
226.01
