0
7.5297e-08
6.0058e-07
2.021e-06
4.7762e-06
9.3008e-06
1.6024e-05
2.537e-05
3.7758e-05
5.3601e-05
7.3309e-05
9.7285e-05
0.00012593
0.00015963
0.00019879
0.00024377
0.00029497
0.00035276
0.0004175
0.00048957
0.00056932
0.00065711
0.00075328
0.00085819
0.00097218
0.0010956
0.0012287
0.001372
0.0015256
0.0016899
0.0018653
0.002052
0.0022504
0.0024608
0.0026833
0.0029185
0.0031665
0.0034276
0.0037021
0.0039903
0.0042924
0.0046088
0.0049397
0.0052853
0.005646
0.0060219
0.0064133
0.0068205
0.0072438
0.0076832
0.0081392
0.0086119
0.0091015
0.0096083
0.010132
0.010674
0.011234
0.011812
0.012408
0.013022
0.013655
0.014307
0.014978
0.015668
0.016377
0.017106
0.017855
0.018624
0.019413
0.020223
0.021052
0.021903
0.022774
0.023666
0.02458
0.025514
0.02647
0.027448
0.028447
0.029469
0.030512
0.031577
0.032665
0.033775
0.034907
0.036062
0.03724
0.038441
0.039665
0.040912
0.042182
0.043475
0.044792
0.046133
0.047497
0.048884
0.050296
0.051732
0.053192
0.054675
0.056183
0.057716
0.059272
0.060853
0.062459
0.064089
0.065744
0.067424
0.069128
0.070858
0.072612
0.074391
0.076196
0.078025
0.07988
0.08176
0.083665
0.085595
0.087551
0.089533
0.091539
0.093572
0.09563
0.097713
0.099822
0.10196
0.10412
0.1063
0.10851
0.11075
0.11302
0.11531
0.11762
0.11996
0.12233
0.12472
0.12714
0.12958
0.13205
0.13455
0.13707
0.13962
0.14219
0.14479
0.14742
0.15007
0.15275
0.15545
0.15818
0.16094
0.16372
0.16653
0.16936
0.17222
0.17511
0.17802
0.18095
0.18392
0.18691
0.18992
0.19296
0.19603
0.19912
0.20223
0.20538
0.20855
0.21174
0.21496
0.2182
0.22147
0.22477
0.22809
0.23144
0.23481
0.23821
0.24163
0.24508
0.24855
0.25205
0.25557
0.25912
0.2627
0.26629
0.26992
0.27357
0.27724
0.28094
0.28466
0.28841
0.29218
0.29597
0.29979
0.30364
0.30751
0.3114
0.31532
0.31926
0.32323
0.32722
0.33123
0.33527
0.33933
0.34342
0.34753
0.35166
0.35582
0.36
0.3642
0.36843
0.37268
0.37695
0.38125
0.38557
0.38991
0.39428
0.39866
0.40307
0.40751
0.41196
0.41644
0.42094
0.42547
0.43001
0.43458
0.43917
0.44379
0.44842
0.45308
0.45775
0.46245
0.46717
0.47192
0.47668
0.48147
0.48627
0.4911
0.49595
0.50082
0.50571
0.51062
0.51555
0.52051
0.52548
0.53047
0.53549
0.54052
0.54558
0.55065
0.55575
0.56086
0.566
0.57115
0.57632
0.58152
0.58673
0.59196
0.59721
0.60248
0.60777
0.61308
0.61841
0.62375
0.62912
0.6345
0.6399
0.64532
0.65076
0.65621
0.66169
0.66718
0.67269
0.67821
0.68376
0.68932
0.6949
0.7005
0.70611
0.71174
0.71739
0.72305
0.72873
0.73443
0.74015
0.74588
0.75163
0.75739
0.76317
0.76897
0.77478
0.7806
0.78645
0.79231
0.79818
0.80407
0.80998
0.8159
0.82183
0.82778
0.83375
0.83973
0.84572
0.85173
0.85775
0.86379
0.86984
0.87591
0.88199
0.88808
0.89419
0.90031
0.90644
0.91259
0.91875
0.92493
0.93111
0.93731
0.94353
0.94975
0.95599
0.96225
0.96851
0.97479
0.98107
0.98737
0.99369
1
1.0063
1.0127
1.0191
1.0254
1.0318
1.0382
1.0446
1.051
1.0575
1.0639
1.0703
1.0768
1.0833
1.0897
1.0962
1.1027
1.1092
1.1158
1.1223
1.1288
1.1354
1.1419
1.1485
1.1551
1.1617
1.1683
1.1749
1.1815
1.1881
1.1947
1.2014
1.208
1.2147
1.2214
1.228
1.2347
1.2414
1.2481
1.2548
1.2615
1.2682
1.275
1.2817
1.2884
1.2952
1.3019
1.3087
1.3155
1.3222
1.329
1.3358
1.3426
1.3494
1.3562
1.363
1.3698
1.3767
1.3835
1.3903
1.3972
1.404
1.4109
1.4177
1.4246
1.4315
1.4383
1.4452
1.4521
1.459
1.4659
1.4728
1.4797
1.4866
1.4935
1.5004
1.5073
1.5142
1.5211
1.5281
1.535
1.5419
1.5489
1.5558
1.5627
1.5697
1.5766
1.5836
1.5905
1.5975
1.6045
1.6114
1.6184
1.6254
1.6323
1.6393
1.6463
1.6532
1.6602
1.6672
1.6742
1.6811
1.6881
1.6951
1.7021
1.7091
1.7161
1.7231
1.73
1.737
1.744
1.751
1.758
1.765
1.772
1.779
1.786
1.7929
1.7999
1.8069
1.8139
1.8209
1.8279
1.8349
1.8419
1.8488
1.8558
1.8628
1.8698
1.8768
1.8838
1.8907
1.8977
1.9047
1.9117
1.9187
1.9256
1.9326
1.9396
1.9465
1.9535
1.9605
1.9674
1.9744
1.9813
1.9883
1.9952
2.0022
2.0091
2.0161
2.023
2.0299
2.0369
2.0438
2.0507
2.0577
2.0646
2.0715
2.0784
2.0853
2.0922
2.0991
2.106
2.1129
2.1198
2.1267
2.1336
2.1404
2.1473
2.1542
2.1611
2.1679
2.1748
2.1816
2.1885
2.1953
2.2021
2.209
2.2158
2.2226
2.2294
2.2363
2.2431
2.2499
2.2567
2.2634
2.2702
2.277
2.2838
2.2905
2.2973
2.3041
2.3108
2.3175
2.3243
2.331
2.3377
2.3444
2.3512
2.3579
2.3646
2.3712
2.3779
2.3846
2.3913
2.3979
2.4046
2.4112
2.4179
2.4245
2.4312
2.4378
2.4444
2.451
2.4576
2.4642
2.4708
2.4773
2.4839
2.4905
2.497
2.5036
2.5101
2.5166
2.5231
2.5297
2.5362
2.5427
2.5491
2.5556
2.5621
2.5686
2.575
2.5814
2.5879
2.5943
2.6007
2.6071
2.6135
2.6199
2.6263
2.6327
2.639
2.6454
2.6517
2.6581
2.6644
2.6707
2.677
2.6833
2.6896
2.6959
2.7022
2.7084
2.7147
2.7209
2.7272
2.7334
2.7396
2.7458
2.752
2.7582
2.7643
2.7705
2.7766
2.7828
2.7889
2.795
2.8011
2.8072
2.8133
2.8194
2.8255
2.8315
2.8376
2.8436
2.8496
2.8556
2.8616
2.8676
2.8736
2.8796
2.8855
2.8915
2.8974
2.9033
2.9093
2.9152
2.9211
2.9269
2.9328
2.9387
2.9445
2.9503
2.9562
2.962
2.9678
2.9736
2.9793
2.9851
2.9908
2.9966
3.0023
3.008
3.0137
3.0194
3.0251
3.0308
3.0364
3.0421
3.0477
3.0533
3.0589
3.0645
3.0701
3.0757
3.0813
3.0868
3.0923
3.0979
3.1034
3.1089
3.1143
3.1198
3.1253
3.1307
3.1362
3.1416
3.147
3.1524
3.1578
3.1631
3.1685
3.1738
3.1792
3.1845
3.1898
3.1951
3.2004
3.2056
3.2109
3.2161
3.2213
3.2266
3.2318
3.2369
3.2421
3.2473
3.2524
3.2576
3.2627
3.2678
3.2729
3.278
3.283
3.2881
3.2931
3.2982
3.3032
3.3082
3.3132
3.3181
3.3231
3.328
3.333
3.3379
3.3428
3.3477
3.3526
3.3574
3.3623
3.3671
3.3719
3.3767
3.3815
3.3863
3.3911
3.3958
3.4006
3.4053
3.41
3.4147
3.4194
3.4241
3.4287
3.4334
3.438
3.4426
3.4472
3.4518
3.4563
3.4609
3.4654
3.47
3.4745
3.479
3.4835
3.4879
3.4924
3.4968
3.5013
3.5057
3.5101
3.5145
3.5188
3.5232
3.5275
3.5319
3.5362
3.5405
3.5448
3.549
3.5533
3.5575
3.5618
3.566
3.5702
3.5744
3.5785
3.5827
3.5868
3.5909
3.5951
3.5992
3.6032
3.6073
3.6114
3.6154
3.6194
3.6234
3.6274
3.6314
3.6354
3.6393
3.6433
3.6472
3.6511
3.655
3.6589
3.6627
3.6666
3.6704
3.6742
3.678
3.6818
3.6856
3.6894
3.6931
3.6968
3.7005
3.7042
3.7079
3.7116
3.7153
3.7189
3.7225
3.7262
3.7298
3.7333
3.7369
3.7405
3.744
3.7475
3.751
3.7545
3.758
3.7615
3.7649
3.7684
3.7718
3.7752
3.7786
3.782
3.7853
3.7887
3.792
3.7953
3.7986
3.8019
3.8052
3.8085
3.8117
3.8149
3.8182
3.8214
3.8245
3.8277
3.8309
3.834
3.8371
3.8403
3.8434
3.8464
3.8495
3.8526
3.8556
3.8586
3.8616
3.8646
3.8676
3.8706
3.8735
3.8765
3.8794
3.8823
3.8852
3.8881
3.8909
3.8938
3.8966
3.8994
3.9022
3.905
3.9078
3.9106
3.9133
3.916
3.9188
3.9215
3.9241
3.9268
3.9295
3.9321
3.9347
3.9374
3.94
3.9425
3.9451
3.9477
3.9502
3.9527
3.9553
3.9578
3.9602
3.9627
3.9652
3.9676
3.97
3.9725
3.9749
3.9772
3.9796
3.982
3.9843
3.9866
3.9889
3.9912
3.9935
3.9958
3.998
4.0003
4.0025
4.0047
4.0069
4.0091
4.0113
4.0134
4.0156
4.0177
4.0198
4.0219
4.024
4.026
4.0281
4.0301
4.0322
4.0342
4.0362
4.0382
4.0401
4.0421
4.044
4.046
4.0479
4.0498
4.0517
4.0535
4.0554
4.0572
4.0591
4.0609
4.0627
4.0645
4.0662
4.068
4.0698
4.0715
4.0732
4.0749
4.0766
4.0783
4.0799
4.0816
4.0832
4.0848
4.0865
4.0881
4.0896
4.0912
4.0928
4.0943
4.0958
4.0973
4.0988
4.1003
4.1018
4.1032
4.1047
4.1061
4.1075
4.1089
4.1103
4.1117
4.1131
4.1144
4.1158
4.1171
4.1184
4.1197
4.121
4.1222
4.1235
4.1247
4.126
4.1272
4.1284
4.1296
4.1308
4.1319
4.1331
4.1342
4.1353
4.1365
4.1376
4.1386
4.1397
4.1408
4.1418
4.1429
4.1439
4.1449
4.1459
4.1469
4.1478
4.1488
4.1497
4.1506
4.1516
4.1525
4.1534
4.1542
4.1551
4.156
4.1568
4.1576
4.1584
4.1592
4.16
4.1608
4.1616
4.1623
4.1631
4.1638
4.1645
4.1652
4.1659
4.1666
4.1672
4.1679
4.1685
4.1691
4.1698
4.1704
4.1709
4.1715
4.1721
4.1726
4.1732
4.1737
4.1742
4.1747
4.1752
4.1757
4.1762
4.1766
4.1771
4.1775
4.1779
4.1783
4.1787
4.1791
4.1795
4.1798
4.1802
4.1805
4.1808
4.1811
4.1814
4.1817
4.182
4.1823
4.1825
4.1827
4.183
4.1832
4.1834
4.1836
4.1838
4.1839
4.1841
4.1842
4.1844
4.1845
4.1846
4.1847
4.1848
4.1849
4.1849
4.185
4.185
4.1851
4.1851
4.1851
4.1851
4.1851
4.1851
4.185
4.185
4.1849
4.1849
4.1848
4.1847
4.1846
4.1845
4.1843
4.1842
4.1841
4.1839
4.1837
4.1836
4.1834
4.1832
4.1829
4.1827
4.1825
4.1822
4.182
4.1817
4.1814
4.1812
4.1809
4.1805
4.1802
4.1799
4.1796
4.1792
4.1788
4.1785
4.1781
4.1777
4.1773
4.1769
4.1764
4.176
4.1756
4.1751
4.1746
4.1742
4.1737
4.1732
4.1727
4.1722
4.1716
4.1711
4.1705
4.17
4.1694
4.1688
4.1682
4.1676
4.167
4.1664
4.1658
4.1651
4.1645
4.1638
4.1632
4.1625
4.1618
4.1611
4.1604
4.1597
4.159
4.1582
4.1575
4.1567
4.156
4.1552
4.1544
4.1536
4.1528
4.152
4.1512
4.1503
4.1495
4.1486
4.1478
4.1469
4.146
4.1451
4.1442
4.1433
4.1424
4.1415
4.1405
4.1396
4.1386
4.1377
4.1367
4.1357
4.1347
4.1337
4.1327
4.1317
4.1307
4.1297
4.1286
4.1276
4.1265
4.1254
4.1243
4.1233
4.1222
4.1211
4.1199
4.1188
4.1177
4.1165
4.1154
4.1142
4.1131
4.1119
4.1107
4.1095
4.1083
4.1071
4.1059
4.1047
4.1034
4.1022
4.1009
4.0997
4.0984
4.0971
4.0958
4.0946
4.0932
4.0919
4.0906
4.0893
4.088
4.0866
4.0853
4.0839
4.0825
4.0812
4.0798
4.0784
4.077
4.0756
4.0742
4.0728
4.0713
4.0699
4.0684
4.067
4.0655
4.0641
4.0626
4.0611
4.0596
4.0581
4.0566
4.0551
4.0536
4.052
4.0505
4.049
4.0474
4.0458
4.0443
4.0427
4.0411
4.0395
4.0379
4.0363
4.0347
4.0331
4.0315
4.0298
4.0282
4.0265
4.0249
4.0232
4.0216
4.0199
4.0182
4.0165
4.0148
4.0131
4.0114
4.0097
4.0079
4.0062
4.0045
4.0027
4.001
3.9992
3.9974
3.9957
3.9939
3.9921
3.9903
3.9885
3.9867
3.9849
3.9831
3.9812
3.9794
3.9776
3.9757
3.9739
3.972
3.9701
3.9683
3.9664
3.9645
3.9626
3.9607
3.9588
3.9569
3.955
3.953
3.9511
3.9492
3.9472
3.9453
3.9433
3.9414
3.9394
3.9374
3.9355
3.9335
3.9315
3.9295
3.9275
3.9255
3.9234
3.9214
3.9194
3.9174
3.9153
3.9133
3.9112
3.9092
3.9071
3.905
3.903
3.9009
3.8988
3.8967
3.8946
3.8925
3.8904
3.8883
3.8862
3.884
3.8819
3.8798
3.8776
3.8755
3.8733
3.8712
3.869
3.8669
3.8647
3.8625
3.8603
3.8581
3.8559
3.8537
3.8515
3.8493
3.8471
3.8449
3.8426
3.8404
3.8382
3.8359
3.8337
3.8314
3.8292
3.8269
3.8247
3.8224
3.8201
3.8178
3.8155
3.8132
3.8109
3.8086
3.8063
3.804
3.8017
3.7994
3.7971
3.7947
3.7924
3.7901
3.7877
3.7854
3.783
3.7807
3.7783
3.7759
3.7736
3.7712
3.7688
3.7664
3.764
3.7616
3.7592
3.7568
3.7544
3.752
3.7496
3.7472
3.7448
3.7423
3.7399
3.7375
3.735
3.7326
3.7301
3.7277
3.7252
3.7227
3.7203
3.7178
3.7153
3.7128
3.7104
3.7079
3.7054
3.7029
3.7004
3.6979
3.6954
3.6929
3.6904
3.6878
3.6853
3.6828
3.6803
3.6777
3.6752
3.6726
3.6701
3.6676
3.665
3.6624
3.6599
3.6573
3.6548
3.6522
3.6496
3.647
3.6444
3.6419
3.6393
3.6367
3.6341
3.6315
3.6289
3.6263
3.6237
3.6211
3.6184
3.6158
3.6132
3.6106
3.6079
3.6053
3.6027
3.6
3.5974
3.5947
3.5921
3.5894
3.5868
3.5841
3.5815
3.5788
3.5761
3.5735
3.5708
3.5681
3.5654
3.5628
3.5601
3.5574
3.5547
3.552
3.5493
3.5466
3.5439
3.5412
3.5385
3.5358
3.533
3.5303
3.5276
3.5249
3.5222
3.5194
3.5167
3.514
3.5112
3.5085
3.5057
3.503
3.5003
3.4975
3.4947
3.492
3.4892
3.4865
3.4837
3.4809
3.4782
3.4754
3.4726
3.4699
3.4671
3.4643
3.4615
3.4587
3.4559
3.4532
3.4504
3.4476
3.4448
3.442
3.4392
3.4364
3.4336
3.4308
3.4279
3.4251
3.4223
3.4195
3.4167
3.4139
3.411
3.4082
3.4054
3.4026
3.3997
3.3969
3.3941
3.3912
3.3884
3.3855
3.3827
3.3799
3.377
3.3742
3.3713
3.3685
3.3656
3.3627
3.3599
3.357
3.3542
3.3513
3.3484
3.3456
3.3427
3.3398
3.337
3.3341
3.3312
3.3283
3.3255
3.3226
3.3197
3.3168
3.3139
3.311
3.3081
3.3053
3.3024
3.2995
3.2966
3.2937
3.2908
3.2879
3.285
3.2821
3.2792
3.2763
3.2734
3.2705
3.2675
3.2646
3.2617
3.2588
3.2559
3.253
3.2501
3.2471
3.2442
3.2413
3.2384
3.2355
3.2325
3.2296
3.2267
3.2237
3.2208
3.2179
3.215
3.212
3.2091
3.2062
3.2032
3.2003
3.1973
3.1944
3.1915
3.1885
3.1856
3.1826
3.1797
3.1767
3.1738
3.1709
3.1679
3.165
3.162
3.1591
3.1561
3.1532
3.1502
3.1472
3.1443
3.1413
3.1384
3.1354
3.1325
3.1295
3.1265
3.1236
3.1206
3.1177
3.1147
3.1117
3.1088
3.1058
3.1028
3.0999
3.0969
3.0939
3.091
3.088
3.085
3.0821
3.0791
3.0761
3.0732
3.0702
3.0672
3.0642
3.0613
3.0583
3.0553
3.0523
3.0494
3.0464
3.0434
3.0404
3.0375
3.0345
3.0315
3.0285
3.0255
3.0226
3.0196
3.0166
3.0136
3.0107
3.0077
3.0047
3.0017
2.9987
2.9957
2.9928
2.9898
2.9868
2.9838
2.9808
2.9779
2.9749
2.9719
2.9689
2.9659
2.9629
2.96
2.957
2.954
2.951
2.948
2.945
2.9421
2.9391
2.9361
2.9331
2.9301
2.9271
2.9242
2.9212
2.9182
2.9152
2.9122
2.9092
2.9063
2.9033
2.9003
2.8973
2.8943
2.8913
2.8884
2.8854
2.8824
2.8794
2.8764
2.8734
2.8705
2.8675
2.8645
2.8615
2.8585
2.8556
2.8526
2.8496
2.8466
2.8436
2.8407
2.8377
2.8347
2.8317
2.8287
2.8258
2.8228
2.8198
2.8168
2.8139
2.8109
2.8079
2.8049
2.802
2.799
2.796
2.793
2.7901
2.7871
2.7841
2.7811
2.7782
2.7752
2.7722
2.7693
2.7663
2.7633
2.7604
2.7574
2.7544
2.7515
2.7485
2.7455
2.7426
2.7396
2.7366
2.7337
2.7307
2.7277
2.7248
2.7218
2.7189
2.7159
2.7129
2.71
2.707
2.7041
2.7011
2.6982
2.6952
2.6923
2.6893
2.6863
2.6834
2.6804
2.6775
2.6745
2.6716
2.6686
2.6657
2.6628
2.6598
2.6569
2.6539
2.651
2.648
2.6451
2.6422
2.6392
2.6363
2.6333
2.6304
2.6275
2.6245
2.6216
2.6187
2.6157
2.6128
2.6099
2.6069
2.604
2.6011
2.5982
2.5952
2.5923
2.5894
2.5865
2.5835
2.5806
2.5777
2.5748
2.5719
2.5689
2.566
2.5631
2.5602
2.5573
2.5544
2.5515
2.5486
2.5456
2.5427
2.5398
2.5369
2.534
2.5311
2.5282
2.5253
2.5224
2.5195
2.5166
2.5137
2.5108
2.5079
2.505
2.5022
2.4993
2.4964
2.4935
2.4906
2.4877
2.4848
2.482
2.4791
2.4762
2.4733
2.4704
2.4676
2.4647
2.4618
2.4589
2.4561
2.4532
2.4503
2.4475
2.4446
2.4417
2.4389
2.436
2.4331
2.4303
2.4274
2.4246
2.4217
2.4189
2.416
2.4131
2.4103
2.4074
2.4046
2.4018
2.3989
2.3961
2.3932
2.3904
2.3875
2.3847
2.3819
2.379
2.3762
2.3734
2.3705
2.3677
2.3649
2.3621
2.3592
2.3564
2.3536
2.3508
2.348
2.3451
2.3423
2.3395
2.3367
2.3339
2.3311
2.3283
2.3255
2.3227
2.3198
2.317
2.3142
2.3114
2.3086
2.3059
2.3031
2.3003
2.2975
2.2947
2.2919
2.2891
2.2863
2.2835
2.2808
2.278
2.2752
2.2724
2.2697
2.2669
2.2641
2.2613
2.2586
2.2558
2.253
2.2503
2.2475
2.2448
2.242
2.2392
2.2365
2.2337
2.231
2.2282
2.2255
2.2227
2.22
2.2172
2.2145
2.2118
2.209
2.2063
2.2035
2.2008
2.1981
2.1954
2.1926
2.1899
2.1872
2.1845
2.1817
2.179
2.1763
2.1736
2.1709
2.1682
2.1654
2.1627
2.16
2.1573
2.1546
2.1519
2.1492
2.1465
2.1438
2.1411
2.1384
2.1358
2.1331
2.1304
2.1277
2.125
2.1223
2.1196
2.117
2.1143
2.1116
2.1089
2.1063
2.1036
2.1009
2.0983
2.0956
2.093
2.0903
2.0876
2.085
2.0823
2.0797
2.077
2.0744
2.0717
2.0691
2.0665
2.0638
2.0612
2.0585
2.0559
2.0533
2.0506
2.048
2.0454
2.0428
2.0401
2.0375
2.0349
2.0323
2.0297
2.0271
2.0244
2.0218
2.0192
2.0166
2.014
2.0114
2.0088
2.0062
2.0036
2.001
1.9984
1.9959
1.9933
1.9907
1.9881
1.9855
1.9829
1.9804
1.9778
1.9752
1.9726
1.9701
1.9675
1.9649
1.9624
1.9598
1.9573
1.9547
1.9521
1.9496
1.947
