500
500
500
500
500
500
500
500
500
500
500
500
500
500
500
500
500
500
500
500
500
500
500
500
500
500
500
500
499.99
499.99
499.99
499.99
499.99
499.99
499.99
499.99
499.99
499.98
499.98
499.98
499.98
499.98
499.97
499.97
499.97
499.97
499.96
499.96
499.96
499.95
499.95
499.94
499.94
499.93
499.93
499.92
499.92
499.91
499.91
499.9
499.89
499.89
499.88
499.87
499.86
499.86
499.85
499.84
499.83
499.82
499.81
499.8
499.79
499.78
499.76
499.75
499.74
499.72
499.71
499.7
499.68
499.67
499.65
499.63
499.62
499.6
499.58
499.56
499.54
499.52
499.5
499.48
499.46
499.44
499.41
499.39
499.36
499.34
499.31
499.29
499.26
499.23
499.2
499.17
499.14
499.11
499.08
499.05
499.01
498.98
498.94
498.91
498.87
498.83
498.79
498.75
498.71
498.67
498.63
498.59
498.54
498.5
498.45
498.4
498.35
498.31
498.25
498.2
498.15
498.1
498.04
497.99
497.93
497.87
497.81
497.75
497.69
497.63
497.57
497.5
497.44
497.37
497.3
497.23
497.16
497.09
497.02
496.94
496.87
496.79
496.71
496.63
496.55
496.47
496.39
496.3
496.22
496.13
496.04
495.95
495.86
495.77
495.67
495.58
495.48
495.38
495.28
495.18
495.08
494.97
494.87
494.76
494.65
494.54
494.43
494.32
494.2
494.08
493.97
493.85
493.73
493.6
493.48
493.36
493.23
493.1
492.97
492.84
492.7
492.57
492.43
492.29
492.15
492.01
491.87
491.72
491.58
491.43
491.28
491.13
490.97
490.82
490.66
490.5
490.34
490.18
490.02
489.85
489.68
489.51
489.34
489.17
489
488.82
488.64
488.46
488.28
488.1
487.92
487.73
487.54
487.35
487.16
486.96
486.77
486.57
486.37
486.17
485.97
485.76
485.56
485.35
485.14
484.93
484.71
484.5
484.28
484.06
483.84
483.62
483.39
483.16
482.94
482.7
482.47
482.24
482
481.76
481.52
481.28
481.04
480.79
480.55
480.3
480.04
479.79
479.54
479.28
479.02
478.76
478.5
478.23
477.97
477.7
477.43
477.16
476.88
476.61
476.33
476.05
475.77
475.49
475.2
474.92
474.63
474.34
474.05
473.75
473.46
473.16
472.86
472.56
472.25
471.95
471.64
471.33
471.02
470.71
470.39
470.08
469.76
469.44
469.12
468.79
468.47
468.14
467.81
467.48
467.15
466.81
466.47
466.14
465.8
465.45
465.11
464.76
464.42
464.07
463.72
463.36
463.01
462.65
462.3
461.94
461.57
461.21
460.85
460.48
460.11
459.74
459.37
459
458.62
458.24
457.87
457.48
457.1
456.72
456.33
455.95
455.56
455.17
454.78
454.38
453.99
453.59
453.19
452.79
452.39
451.98
451.58
451.17
450.76
450.35
449.94
449.53
449.11
448.7
448.28
447.86
447.44
447.02
446.59
446.17
445.74
445.31
444.88
444.45
444.02
443.58
443.15
442.71
442.27
441.83
441.39
440.94
440.5
440.05
439.6
439.15
438.7
438.25
437.8
437.34
436.89
436.43
435.97
435.51
435.05
434.59
434.12
433.66
433.19
432.72
432.25
431.78
431.31
430.84
430.36
429.89
429.41
428.93
428.45
427.97
427.49
427
426.52
426.03
425.55
425.06
424.57
424.08
423.59
423.09
422.6
422.1
421.61
421.11
420.61
420.11
419.61
419.11
418.61
418.1
417.6
417.09
416.58
416.08
415.57
415.06
414.55
414.03
413.52
413.01
412.49
411.97
411.46
410.94
410.42
409.9
409.38
408.86
408.33
407.81
407.29
406.76
406.23
405.71
405.18
404.65
404.12
403.59
403.06
402.53
401.99
401.46
400.92
400.39
399.85
399.32
398.78
398.24
397.7
397.16
396.62
396.08
395.53
394.99
394.45
393.9
393.36
392.81
392.27
391.72
391.17
390.62
390.07
389.52
388.97
388.42
387.87
387.32
386.77
386.21
385.66
385.11
384.55
384
383.44
382.88
382.33
381.77
381.21
380.65
380.09
379.53
378.97
378.41
377.85
377.29
376.73
376.17
375.6
375.04
374.48
373.91
373.35
372.78
372.22
371.65
371.09
370.52
369.95
369.39
368.82
368.25
367.68
367.12
366.55
365.98
365.41
364.84
364.27
363.7
363.13
362.56
361.99
361.42
360.85
360.28
359.7
359.13
358.56
357.99
357.41
356.84
356.27
355.7
355.12
354.55
353.98
353.4
352.83
352.25
351.68
351.11
350.53
349.96
349.38
348.81
348.23
347.66
347.08
346.51
345.93
345.36
344.78
344.21
343.63
343.06
342.48
341.91
341.33
340.76
340.18
339.61
339.03
338.46
337.88
337.3
336.73
336.15
335.58
335
334.43
333.85
333.28
332.71
332.13
331.56
330.98
330.41
329.83
329.26
328.69
328.11
327.54
326.96
326.39
325.82
325.24
324.67
324.1
323.53
322.95
322.38
321.81
321.24
320.67
320.09
319.52
318.95
318.38
317.81
317.24
316.67
316.1
315.53
314.96
314.39
313.82
313.25
312.68
312.12
311.55
310.98
310.41
309.85
309.28
308.71
308.15
307.58
307.02
306.45
305.89
305.32
304.76
304.19
303.63
303.07
302.5
301.94
301.38
300.82
300.26
299.7
299.14
298.58
298.02
297.46
296.9
296.34
295.78
295.22
294.66
294.11
293.55
292.99
292.44
291.88
291.33
290.77
290.22
289.67
289.11
288.56
288.01
287.46
286.9
286.35
285.8
285.25
284.7
284.16
283.61
283.06
282.51
281.96
281.42
280.87
280.33
279.78
279.24
278.69
278.15
277.61
277.06
276.52
275.98
275.44
274.9
274.36
273.82
273.28
272.74
272.2
271.67
271.13
270.6
270.06
269.52
268.99
268.46
267.92
267.39
266.86
266.33
265.8
265.27
264.74
264.21
263.68
263.15
262.62
262.1
261.57
261.05
260.52
260
259.47
258.95
258.43
257.91
257.38
256.86
256.34
255.82
255.31
254.79
254.27
253.75
253.24
252.72
252.21
251.69
251.18
250.67
250.15
249.64
249.13
248.62
248.11
247.6
247.09
246.59
246.08
245.57
245.07
244.56
244.06
243.55
243.05
242.55
242.05
241.55
241.05
240.55
240.05
239.55
239.05
238.56
238.06
237.56
237.07
236.57
236.08
235.59
235.1
234.61
234.12
233.63
233.14
232.65
232.16
231.67
231.19
230.7
230.22
229.73
229.25
228.77
228.28
227.8
227.32
226.84
226.36
225.88
225.41
224.93
224.45
223.98
223.5
223.03
222.56
222.08
221.61
221.14
220.67
220.2
219.73
219.26
218.8
218.33
217.86
217.4
216.93
216.47
216.01
215.54
215.08
214.62
214.16
213.7
213.24
212.79
212.33
211.87
211.42
210.96
210.51
210.06
209.6
209.15
208.7
208.25
207.8
207.35
206.9
206.46
206.01
205.56
205.12
204.68
204.23
203.79
203.35
202.91
202.47
202.03
201.59
201.15
200.71
200.27
199.84
199.4
198.97
198.54
198.1
197.67
197.24
196.81
196.38
195.95
195.52
195.09
194.67
194.24
193.82
193.39
192.97
192.54
192.12
191.7
191.28
190.86
190.44
190.02
189.6
189.19
188.77
188.36
187.94
187.53
187.11
186.7
186.29
185.88
185.47
185.06
184.65
184.24
183.84
183.43
183.03
182.62
182.22
181.81
181.41
181.01
180.61
180.21
179.81
179.41
179.01
178.62
178.22
177.82
177.43
177.03
176.64
176.25
175.86
175.47
175.08
174.69
174.3
173.91
173.52
173.14
172.75
172.36
171.98
171.6
171.21
170.83
170.45
170.07
169.69
169.31
168.93
168.56
168.18
167.8
167.43
167.05
166.68
166.31
165.93
165.56
165.19
164.82
164.45
164.08
163.72
163.35
162.98
162.62
162.25
161.89
161.52
161.16
160.8
160.44
160.08
159.72
159.36
159
158.64
158.29
157.93
157.58
157.22
156.87
156.51
156.16
155.81
155.46
155.11
154.76
154.41
154.06
153.71
153.37
153.02
152.68
152.33
151.99
151.65
151.3
150.96
150.62
150.28
149.94
149.6
149.26
148.93
148.59
148.25
147.92
147.59
147.25
146.92
146.59
146.25
145.92
145.59
145.26
144.93
144.61
144.28
143.95
143.63
143.3
142.98
142.65
142.33
142.01
141.69
141.36
141.04
140.72
140.4
140.09
139.77
139.45
139.14
138.82
138.51
138.19
137.88
137.56
137.25
136.94
136.63
136.32
136.01
135.7
135.39
135.09
134.78
134.47
134.17
133.86
133.56
133.26
132.95
132.65
132.35
132.05
131.75
131.45
131.15
130.85
130.56
130.26
129.96
129.67
129.37
129.08
128.78
128.49
128.2
127.91
127.62
127.33
127.04
126.75
126.46
126.17
125.89
125.6
125.31
125.03
124.74
124.46
124.18
123.9
123.61
123.33
123.05
122.77
122.49
122.21
121.94
121.66
121.38
121.11
120.83
120.56
120.28
120.01
119.73
119.46
119.19
118.92
118.65
118.38
118.11
117.84
117.57
117.31
117.04
116.77
116.51
116.24
115.98
115.71
115.45
115.19
114.93
114.66
114.4
114.14
113.88
113.63
113.37
113.11
112.85
112.6
112.34
112.08
111.83
111.58
111.32
111.07
110.82
110.56
110.31
110.06
109.81
109.56
109.31
109.07
108.82
108.57
108.32
108.08
107.83
107.59
107.34
107.1
106.86
106.61
106.37
106.13
105.89
105.65
105.41
105.17
104.93
104.69
104.46
104.22
103.98
103.75
103.51
103.28
103.04
102.81
102.58
102.34
102.11
101.88
101.65
101.42
101.19
100.96
100.73
100.5
100.28
100.05
99.824
99.598
99.372
99.147
98.923
98.699
98.476
98.253
98.031
97.809
97.588
97.368
97.148
96.928
96.709
96.49
96.272
96.055
95.838
95.622
95.406
95.19
94.975
94.761
94.547
94.334
94.121
93.909
93.697
93.486
93.275
93.065
92.855
92.646
92.437
92.229
92.021
91.814
91.607
91.401
91.195
90.99
90.785
90.581
90.377
90.174
89.971
89.769
89.567
89.365
89.165
88.964
88.764
88.565
88.366
88.168
87.97
87.772
87.575
87.379
87.183
86.987
86.792
86.598
86.404
86.21
86.017
85.824
85.632
85.44
85.249
85.058
84.868
84.678
84.489
84.3
84.111
83.923
83.735
83.548
83.362
83.175
82.99
82.804
82.62
82.435
82.251
82.068
81.885
81.702
81.52
81.338
81.157
80.976
80.796
80.616
80.436
80.257
80.079
79.901
79.723
79.546
79.369
79.192
79.016
78.841
78.666
78.491
78.317
78.143
77.97
77.797
77.624
77.452
77.28
77.109
76.938
76.768
76.598
76.428
76.259
76.09
75.922
75.754
75.586
75.419
75.253
75.086
74.921
74.755
74.59
74.425
74.261
74.097
73.934
73.771
73.608
73.446
73.284
73.123
72.962
72.801
72.641
72.481
72.322
72.163
72.004
71.846
71.688
71.531
71.374
71.217
71.061
70.905
70.75
70.595
70.44
70.286
70.132
69.978
69.825
69.672
69.52
69.368
69.216
69.065
68.914
68.763
68.613
68.463
68.314
68.165
68.016
67.868
67.72
67.572
67.425
67.278
67.132
66.986
66.84
66.695
66.55
66.405
66.261
66.117
65.973
65.83
65.687
65.545
65.403
65.261
65.119
64.978
64.838
64.697
64.557
64.418
64.278
64.139
64.001
63.862
63.725
63.587
63.45
63.313
63.176
63.04
62.904
62.769
62.634
62.499
62.364
62.23
62.096
61.963
61.83
61.697
61.564
61.432
61.3
61.169
61.037
60.907
60.776
60.646
60.516
60.387
60.257
60.128
60
59.872
59.744
59.616
59.489
59.362
59.235
59.109
58.983
58.857
58.732
58.607
58.482
58.358
58.233
58.11
57.986
57.863
57.74
57.617
57.495
57.373
57.252
57.13
57.009
56.888
56.768
56.648
56.528
56.409
56.289
56.17
56.052
55.933
55.815
55.698
55.58
55.463
55.346
55.23
55.113
54.998
54.882
54.766
54.651
54.537
54.422
54.308
54.194
54.08
53.967
53.854
53.741
53.628
53.516
53.404
53.293
53.181
53.07
52.959
52.849
52.738
52.628
52.519
52.409
52.3
52.191
52.083
51.974
51.866
51.758
51.651
51.544
51.437
51.33
51.224
51.117
51.011
50.906
50.8
50.695
50.59
50.486
50.382
50.277
50.174
50.07
49.967
49.864
49.761
49.659
49.556
49.454
49.353
49.251
49.15
49.049
48.948
48.848
48.748
48.648
48.548
48.449
48.349
48.251
48.152
48.053
47.955
47.857
47.76
47.662
47.565
47.468
47.371
47.275
47.178
47.083
46.987
46.891
46.796
46.701
46.606
46.512
46.417
46.323
46.229
46.136
46.042
45.949
45.856
45.764
45.671
45.579
45.487
45.395
45.304
45.213
45.122
45.031
44.94
44.85
44.76
44.67
44.58
44.491
44.401
44.312
44.224
44.135
44.047
43.959
43.871
43.783
43.696
43.608
43.521
43.435
43.348
43.262
43.176
43.09
43.004
42.919
42.833
42.748
42.663
42.579
42.494
42.41
42.326
42.242
42.159
42.075
41.992
41.909
41.827
41.744
41.662
41.58
41.498
41.416
41.335
41.253
41.172
41.091
41.011
40.93
40.85
40.77
40.69
40.61
40.531
40.452
40.372
40.294
40.215
40.136
40.058
39.98
39.902
39.824
39.747
39.67
39.593
39.516
39.439
39.362
39.286
39.21
39.134
39.058
38.983
38.907
38.832
38.757
38.682
38.608
38.533
38.459
38.385
38.311
38.237
38.164
38.09
38.017
37.944
37.871
37.799
37.726
37.654
37.582
37.51
37.439
37.367
37.296
37.225
37.154
37.083
37.012
36.942
36.871
36.801
36.731
36.662
36.592
36.523
36.453
36.384
36.315
36.247
36.178
36.11
36.042
35.974
35.906
35.838
35.771
35.703
35.636
35.569
35.502
35.435
35.369
35.303
35.236
35.17
35.105
35.039
34.973
34.908
34.843
34.778
34.713
34.648
34.584
34.519
34.455
34.391
34.327
34.263
34.2
34.136
34.073
34.01
33.947
33.884
33.821
33.759
33.697
33.634
33.572
33.511
33.449
33.387
33.326
33.265
33.204
33.143
33.082
33.021
32.961
32.9
32.84
32.78
32.72
32.66
32.601
32.541
32.482
32.423
32.364
32.305
32.246
32.188
32.129
32.071
32.013
31.955
31.897
31.839
31.782
31.724
31.667
31.61
31.553
31.496
31.439
31.383
31.326
31.27
31.214
31.158
31.102
31.046
30.991
30.935
30.88
30.825
30.77
30.715
30.66
30.605
30.551
30.496
30.442
30.388
30.334
30.28
30.226
30.173
30.119
30.066
30.013
29.96
29.907
29.854
29.802
29.749
29.697
29.644
29.592
29.54
29.488
29.437
29.385
29.333
29.282
29.231
29.18
29.129
29.078
29.027
28.977
28.926
28.876
28.825
28.775
28.725
28.675
28.626
28.576
28.527
28.477
28.428
28.379
28.33
28.281
28.232
28.183
28.135
28.086
28.038
27.99
27.942
27.894
27.846
27.798
27.751
27.703
27.656
27.609
27.562
27.515
27.468
27.421
27.374
27.328
27.281
27.235
27.189
27.143
27.097
27.051
27.005
26.959
26.914
26.868
26.823
26.778
26.733
26.688
26.643
26.598
26.553
26.509
26.464
26.42
26.376
26.332
26.288
26.244
26.2
26.156
26.113
26.069
26.026
25.983
25.939
25.896
25.853
25.811
25.768
25.725
25.683
25.64
25.598
25.556
25.514
25.472
25.43
25.388
25.346
25.305
25.263
25.222
25.18
25.139
25.098
25.057
25.016
24.975
24.935
24.894
24.853
24.813
24.773
24.733
24.692
24.652
24.612
24.573
24.533
24.493
24.454
24.414
24.375
24.336
24.296
24.257
24.218
24.18
24.141
24.102
24.064
24.025
23.987
23.948
23.91
23.872
23.834
23.796
23.758
23.72
23.683
23.645
23.608
23.57
23.533
23.496
23.459
23.422
23.385
23.348
23.311
23.274
23.238
23.201
23.165
23.128
23.092
23.056
23.02
22.984
22.948
22.912
22.877
22.841
22.805
22.77
22.734
22.699
22.664
22.629
22.594
22.559
22.524
22.489
22.454
22.42
22.385
22.351
22.316
22.282
22.248
22.214
22.18
22.146
22.112
22.078
22.044
22.011
21.977
21.944
21.91
21.877
21.844
21.811
21.777
21.744
21.712
21.679
21.646
21.613
21.581
21.548
21.516
21.483
21.451
21.419
21.387
21.354
21.322
21.291
21.259
21.227
21.195
21.164
21.132
21.101
21.069
21.038
21.007
20.975
20.944
20.913
20.882
20.852
20.821
20.79
20.759
20.729
20.698
20.668
20.637
20.607
20.577
20.547
20.517
20.487
20.457
20.427
20.397
20.367
20.338
20.308
20.279
20.249
20.22
20.191
20.161
20.132
20.103
20.074
20.045
20.016
19.987
19.959
19.93
19.901
19.873
19.844
19.816
19.788
19.759
19.731
19.703
19.675
19.647
19.619
19.591
19.563
19.535
19.508
19.48
19.452
19.425
19.398
19.37
19.343
19.316
19.289
19.261
19.234
19.207
19.18
19.154
19.127
19.1
19.073
19.047
