0
0.03667
0.14351
0.31605
0.55023
0.84228
1.1887
1.5864
2.0324
2.5239
3.0583
3.6334
4.2469
4.8967
5.5809
6.2977
7.0454
7.8223
8.6271
9.4582
10.314
11.194
12.097
13.021
13.965
14.929
15.911
16.91
17.927
18.959
20.006
21.067
22.142
23.23
24.329
25.441
26.563
27.696
28.839
29.991
31.152
32.322
33.499
34.684
35.876
37.074
38.279
39.49
40.706
41.927
43.154
44.384
45.619
46.858
48.101
49.347
50.596
51.847
53.102
54.359
55.617
56.878
58.141
59.404
60.67
61.936
63.203
64.471
65.739
67.008
68.277
69.546
70.814
72.083
73.351
74.619
75.886
77.152
78.417
79.681
80.944
82.206
83.466
84.725
85.982
87.237
88.491
89.743
90.992
92.24
93.486
94.729
95.97
97.208
98.444
99.678
100.91
102.14
103.36
104.59
105.8
107.02
108.24
109.45
110.65
111.86
113.06
114.26
115.45
116.64
117.83
119.02
120.2
121.37
122.55
123.72
124.88
126.05
127.21
128.36
129.51
130.66
131.81
132.95
134.08
135.22
136.34
137.47
138.59
139.71
140.82
141.93
143.03
144.13
145.23
146.32
147.41
148.49
149.57
150.65
151.72
152.78
153.85
154.91
155.96
157.01
158.06
159.1
160.13
161.17
162.2
163.22
164.24
165.25
166.27
167.27
168.28
169.27
170.27
171.26
172.24
173.22
174.2
175.17
176.14
177.1
178.06
179.02
179.97
180.91
181.85
182.79
183.72
184.65
185.58
186.5
187.41
188.32
189.23
190.13
191.03
191.92
192.81
193.7
194.58
195.45
196.32
197.19
198.05
198.91
199.77
200.62
201.46
202.31
203.14
203.98
204.8
205.63
206.45
207.27
208.08
208.88
209.69
210.49
211.28
212.07
212.86
213.64
214.42
215.19
215.96
216.73
217.49
218.25
219
219.75
220.5
221.24
221.97
222.71
223.44
224.16
224.88
225.6
226.31
227.02
227.72
228.42
229.12
229.81
230.5
231.19
231.87
232.54
233.22
233.88
234.55
235.21
235.87
236.52
237.17
237.82
238.46
239.1
239.73
240.36
240.99
241.61
242.23
242.84
243.46
244.06
244.67
245.27
245.86
246.46
247.05
247.63
248.21
248.79
249.37
249.94
250.51
251.07
251.63
252.19
252.74
253.29
253.83
254.38
254.92
255.45
255.98
256.51
257.04
257.56
258.08
258.59
259.1
259.61
260.12
260.62
261.11
261.61
262.1
262.59
263.07
263.55
264.03
264.5
264.98
265.44
265.91
266.37
266.83
267.28
267.73
268.18
268.63
269.07
269.51
269.95
270.38
270.81
271.23
271.66
272.08
272.5
272.91
273.32
273.73
274.13
274.54
274.93
275.33
275.72
276.11
276.5
276.89
277.27
277.64
278.02
278.39
278.76
279.13
279.49
279.85
280.21
280.57
280.92
281.27
281.62
281.96
282.3
282.64
282.98
283.31
283.64
283.97
284.29
284.61
284.93
285.25
285.56
285.87
286.18
286.49
286.79
287.09
287.39
287.69
287.98
288.27
288.56
288.84
289.13
289.41
289.69
289.96
290.23
290.5
290.77
291.04
291.3
291.56
291.82
292.07
292.33
292.58
292.83
293.07
293.32
293.56
293.8
294.03
294.27
294.5
294.73
294.96
295.18
295.4
295.62
295.84
296.06
296.27
296.48
296.69
296.9
297.1
297.31
297.51
297.71
297.9
298.1
298.29
298.48
298.66
298.85
299.03
299.21
299.39
299.57
299.75
299.92
300.09
300.26
300.42
300.59
300.75
300.91
301.07
301.23
301.38
301.54
301.69
301.83
301.98
302.13
302.27
302.41
302.55
302.69
302.82
302.96
303.09
303.22
303.34
303.47
303.59
303.72
303.84
303.96
304.07
304.19
304.3
304.41
304.52
304.63
304.74
304.84
304.94
305.04
305.14
305.24
305.34
305.43
305.52
305.61
305.7
305.79
305.88
305.96
306.04
306.12
306.2
306.28
306.36
306.43
306.5
306.57
306.64
306.71
306.78
306.84
306.91
306.97
307.03
307.09
307.14
307.2
307.25
307.31
307.36
307.41
307.45
307.5
307.55
307.59
307.63
307.67
307.71
307.75
307.79
307.82
307.86
307.89
307.92
307.95
307.98
308
308.03
308.05
308.07
308.1
308.12
308.13
308.15
308.17
308.18
308.19
308.21
308.22
308.23
308.23
308.24
308.25
308.25
308.25
308.26
308.26
308.26
308.25
308.25
308.25
308.24
308.23
308.23
308.22
308.21
308.19
308.18
308.17
308.15
308.14
308.12
308.1
308.08
308.06
308.04
308.01
307.99
307.96
307.94
307.91
307.88
307.85
307.82
307.79
307.75
307.72
307.68
307.65
307.61
307.57
307.53
307.49
307.45
307.41
307.37
307.32
307.28
307.23
307.18
307.13
307.08
307.03
306.98
306.93
306.87
306.82
306.76
306.71
306.65
306.59
306.53
306.47
306.41
306.35
306.29
306.22
306.16
306.09
306.03
305.96
305.89
305.82
305.75
305.68
305.61
305.54
305.46
305.39
305.31
305.24
305.16
305.08
305
304.92
304.84
304.76
304.68
304.6
304.51
304.43
304.35
304.26
304.17
304.08
304
303.91
303.82
303.73
303.64
303.54
303.45
303.36
303.26
303.17
303.07
302.98
302.88
302.78
302.68
302.58
302.48
302.38
302.28
302.18
302.07
301.97
301.87
301.76
301.65
301.55
301.44
301.33
301.23
301.12
301.01
300.9
300.78
300.67
300.56
300.45
300.33
300.22
300.11
299.99
299.87
299.76
299.64
299.52
299.4
299.28
299.16
299.04
298.92
298.8
298.68
298.56
298.43
298.31
298.18
298.06
297.93
297.81
297.68
297.55
297.43
297.3
297.17
297.04
296.91
296.78
296.65
296.52
296.38
296.25
296.12
295.99
295.85
295.72
295.58
295.45
295.31
295.17
295.04
294.9
294.76
294.62
294.48
294.34
294.2
294.06
293.92
293.78
293.64
293.5
293.35
293.21
293.07
292.92
292.78
292.63
292.49
292.34
292.19
292.05
291.9
291.75
291.6
291.46
291.31
291.16
291.01
290.86
290.71
290.56
290.4
290.25
290.1
289.95
289.8
289.64
289.49
289.33
289.18
289.03
288.87
288.71
288.56
288.4
288.25
288.09
287.93
287.77
287.62
287.46
287.3
287.14
286.98
286.82
286.66
286.5
286.34
286.18
286.02
285.85
285.69
285.53
285.37
285.2
285.04
284.88
284.71
284.55
284.38
284.22
284.05
283.89
283.72
283.55
283.39
283.22
283.05
282.89
282.72
282.55
282.38
282.21
282.05
281.88
281.71
281.54
281.37
281.2
281.03
280.86
280.69
280.51
280.34
280.17
280
279.83
279.66
279.48
279.31
279.14
278.96
278.79
278.62
278.44
278.27
278.09
277.92
277.74
277.57
277.39
277.22
277.04
276.86
276.69
276.51
276.33
276.16
275.98
275.8
275.63
275.45
275.27
275.09
274.91
274.73
274.56
274.38
274.2
274.02
273.84
273.66
273.48
273.3
273.12
272.94
272.76
272.58
272.4
272.22
272.03
271.85
271.67
271.49
271.31
271.12
270.94
270.76
270.58
270.39
270.21
270.03
269.85
269.66
269.48
269.29
269.11
268.93
268.74
268.56
268.37
268.19
268
267.82
267.64
267.45
267.26
267.08
266.89
266.71
266.52
266.34
266.15
265.96
265.78
265.59
265.41
265.22
265.03
264.85
264.66
264.47
264.28
264.1
263.91
263.72
263.54
263.35
263.16
262.97
262.78
262.6
262.41
262.22
262.03
261.84
261.65
261.47
261.28
261.09
260.9
260.71
260.52
260.33
260.14
259.95
259.76
259.57
259.39
259.2
259.01
258.82
258.63
258.44
258.25
258.06
257.87
257.68
257.49
257.3
257.11
256.92
256.72
256.53
256.34
256.15
255.96
255.77
255.58
255.39
255.2
255.01
254.82
254.63
254.43
254.24
254.05
253.86
253.67
253.48
253.29
253.1
252.9
252.71
252.52
252.33
252.14
251.95
251.75
251.56
251.37
251.18
250.99
250.79
250.6
250.41
250.22
250.03
249.84
249.64
249.45
249.26
249.07
248.87
248.68
248.49
248.3
248.11
247.91
247.72
247.53
247.34
247.14
246.95
246.76
246.57
246.38
246.18
245.99
245.8
245.61
245.41
245.22
245.03
244.84
244.64
244.45
244.26
244.07
243.87
243.68
243.49
243.3
243.11
242.91
242.72
242.53
242.34
242.14
241.95
241.76
241.57
241.37
241.18
240.99
240.8
240.6
240.41
240.22
240.03
239.84
239.64
239.45
239.26
239.07
238.88
238.68
238.49
238.3
238.11
237.91
237.72
237.53
237.34
237.15
236.95
236.76
236.57
236.38
236.19
236
235.8
235.61
235.42
235.23
235.04
234.85
234.65
234.46
234.27
234.08
233.89
233.7
233.51
233.31
233.12
232.93
232.74
232.55
232.36
232.17
231.98
231.79
231.59
231.4
231.21
231.02
230.83
230.64
230.45
230.26
230.07
229.88
229.69
229.5
229.31
229.12
228.93
228.74
228.55
228.36
228.17
227.98
227.79
227.6
227.41
227.22
227.03
226.84
226.65
226.46
226.27
226.08
225.89
225.7
225.51
225.32
225.13
224.94
224.75
224.56
224.38
224.19
224
223.81
223.62
223.43
223.24
223.05
222.87
222.68
222.49
222.3
222.11
221.92
221.74
221.55
221.36
221.17
220.99
220.8
220.61
220.42
220.23
220.05
219.86
219.67
219.49
219.3
219.11
218.92
218.74
218.55
218.36
218.18
217.99
217.8
217.62
217.43
217.24
217.06
216.87
216.69
216.5
216.31
216.13
215.94
215.76
215.57
215.39
215.2
215.01
214.83
214.64
214.46
214.27
214.09
213.9
213.72
213.53
213.35
213.16
212.98
212.8
212.61
212.43
212.24
212.06
211.87
211.69
211.51
211.32
211.14
210.96
210.77
210.59
210.41
210.22
210.04
209.86
209.67
209.49
209.31
209.13
208.94
208.76
208.58
208.4
208.21
208.03
207.85
207.67
207.49
207.3
207.12
206.94
206.76
206.58
206.4
206.21
206.03
205.85
205.67
205.49
205.31
205.13
204.95
204.77
204.59
204.41
204.23
204.05
203.87
203.69
203.51
203.33
203.15
202.97
202.79
202.61
202.43
202.25
202.07
201.89
201.72
201.54
201.36
201.18
201
200.82
200.64
200.47
200.29
200.11
199.93
199.76
199.58
199.4
199.22
199.05
198.87
198.69
198.51
198.34
198.16
197.98
197.81
197.63
197.45
197.28
197.1
196.93
196.75
196.57
196.4
196.22
196.05
195.87
195.7
195.52
195.35
195.17
195
194.82
194.65
194.47
194.3
194.12
193.95
193.78
193.6
193.43
193.25
193.08
192.91
192.73
192.56
192.39
192.21
192.04
191.87
191.69
191.52
191.35
191.18
191
190.83
190.66
190.49
190.32
190.14
189.97
189.8
189.63
189.46
189.29
189.11
188.94
188.77
188.6
188.43
188.26
188.09
187.92
187.75
187.58
187.41
187.24
187.07
186.9
186.73
186.56
186.39
186.22
186.05
185.88
185.71
185.54
185.38
185.21
185.04
184.87
184.7
184.53
184.37
184.2
184.03
183.86
183.69
183.53
183.36
183.19
183.03
182.86
182.69
182.52
182.36
182.19
182.02
181.86
181.69
181.53
181.36
181.19
181.03
180.86
180.7
180.53
180.37
180.2
180.04
179.87
179.71
179.54
179.38
179.21
179.05
178.88
178.72
178.56
178.39
178.23
178.06
177.9
177.74
177.57
177.41
177.25
177.08
176.92
176.76
176.6
176.43
176.27
176.11
175.95
175.78
175.62
175.46
175.3
175.14
174.98
174.81
174.65
174.49
174.33
174.17
174.01
173.85
173.69
173.53
173.37
173.21
173.05
172.89
172.73
172.57
172.41
172.25
172.09
171.93
171.77
171.61
171.45
171.29
171.14
170.98
170.82
170.66
170.5
170.34
170.19
170.03
169.87
169.71
169.55
169.4
169.24
169.08
168.93
168.77
168.61
168.46
168.3
168.14
167.99
167.83
167.67
167.52
167.36
167.21
167.05
166.9
166.74
166.59
166.43
166.27
166.12
165.97
165.81
165.66
165.5
165.35
165.19
165.04
164.89
164.73
164.58
164.42
164.27
164.12
163.96
163.81
163.66
163.51
163.35
163.2
163.05
162.89
162.74
162.59
162.44
162.29
162.13
161.98
161.83
161.68
161.53
161.38
161.23
161.08
160.92
160.77
160.62
160.47
160.32
160.17
160.02
159.87
159.72
159.57
159.42
159.27
159.12
158.97
158.83
158.68
158.53
158.38
158.23
158.08
157.93
157.78
157.64
157.49
157.34
157.19
157.04
156.9
156.75
156.6
156.45
156.31
156.16
156.01
155.87
155.72
155.57
155.43
155.28
155.13
154.99
154.84
154.7
154.55
154.4
154.26
154.11
153.97
153.82
153.68
153.53
153.39
153.24
153.1
152.95
152.81
152.67
152.52
152.38
152.23
152.09
151.95
151.8
151.66
151.52
151.37
151.23
151.09
150.94
150.8
150.66
150.52
150.37
150.23
150.09
149.95
149.81
149.66
149.52
149.38
149.24
149.1
148.96
148.82
148.68
148.53
148.39
148.25
148.11
147.97
147.83
147.69
147.55
147.41
147.27
147.13
146.99
146.85
146.71
146.57
146.44
146.3
146.16
146.02
145.88
145.74
145.6
145.47
145.33
145.19
145.05
144.91
144.78
144.64
144.5
144.36
144.23
144.09
143.95
143.82
143.68
143.54
143.41
143.27
143.13
143
142.86
142.72
142.59
142.45
142.32
142.18
142.05
141.91
141.78
141.64
141.51
141.37
141.24
141.1
140.97
140.83
140.7
140.56
140.43
140.3
140.16
140.03
139.9
139.76
139.63
139.5
139.36
139.23
139.1
138.96
138.83
138.7
138.57
138.43
138.3
138.17
138.04
137.91
137.77
137.64
137.51
137.38
137.25
137.12
136.99
136.86
136.72
136.59
136.46
136.33
136.2
136.07
135.94
135.81
135.68
135.55
135.42
135.29
135.16
135.03
134.91
134.78
134.65
134.52
134.39
134.26
134.13
134
133.88
133.75
133.62
133.49
133.36
133.24
133.11
132.98
132.85
132.73
132.6
132.47
132.34
132.22
132.09
131.96
131.84
131.71
131.58
131.46
131.33
131.21
131.08
130.95
130.83
130.7
130.58
130.45
130.33
130.2
130.08
129.95
129.83
129.7
129.58
129.45
129.33
129.2
129.08
128.96
128.83
128.71
128.58
128.46
128.34
128.21
128.09
127.97
127.84
127.72
127.6
127.48
127.35
127.23
127.11
126.99
126.86
126.74
126.62
126.5
126.38
126.25
126.13
126.01
125.89
125.77
125.65
125.53
125.41
125.29
125.16
125.04
124.92
124.8
124.68
124.56
124.44
124.32
124.2
124.08
123.96
123.84
123.72
123.61
123.49
123.37
123.25
123.13
123.01
122.89
122.77
122.65
122.54
122.42
122.3
122.18
122.06
121.95
121.83
121.71
121.59
121.48
121.36
121.24
121.12
121.01
120.89
120.77
120.66
120.54
120.42
120.31
120.19
120.08
119.96
119.84
119.73
119.61
119.5
119.38
119.27
119.15
119.04
118.92
118.81
118.69
118.58
118.46
118.35
118.23
118.12
118
117.89
117.78
117.66
117.55
117.43
117.32
117.21
117.09
116.98
116.87
116.75
116.64
116.53
116.41
116.3
116.19
116.08
115.96
115.85
115.74
115.63
115.52
115.4
115.29
115.18
115.07
114.96
114.85
114.73
114.62
114.51
114.4
114.29
114.18
114.07
113.96
113.85
113.74
113.63
113.52
113.41
113.3
113.19
113.08
112.97
112.86
112.75
112.64
112.53
112.42
112.31
112.2
112.09
111.99
111.88
111.77
111.66
111.55
111.44
111.33
111.23
111.12
111.01
110.9
110.8
110.69
110.58
110.47
110.37
110.26
110.15
110.04
109.94
109.83
109.72
109.62
109.51
109.4
109.3
109.19
109.09
108.98
108.87
108.77
108.66
108.56
108.45
108.35
108.24
108.14
108.03
107.93
107.82
107.72
107.61
107.51
107.4
107.3
107.19
107.09
106.98
106.88
106.78
106.67
106.57
106.46
106.36
106.26
106.15
106.05
105.95
105.84
105.74
105.64
105.54
105.43
105.33
105.23
105.13
105.02
104.92
104.82
104.72
104.61
104.51
104.41
104.31
104.21
104.11
104
103.9
103.8
103.7
103.6
103.5
103.4
103.3
103.2
103.1
103
102.9
102.79
102.69
102.59
102.49
102.39
102.29
102.2
102.1
102
101.9
101.8
101.7
101.6
101.5
101.4
101.3
101.2
101.1
101.01
100.91
100.81
100.71
100.61
100.51
100.42
100.32
100.22
100.12
100.02
99.927
99.829
99.732
99.634
99.537
99.44
99.343
99.246
99.149
99.052
98.956
98.859
98.762
98.666
98.57
98.473
98.377
98.281
98.185
98.089
97.993
97.898
97.802
97.707
97.611
97.516
97.42
97.325
97.23
97.135
97.04
96.945
96.851
96.756
96.662
96.567
96.473
96.378
96.284
96.19
96.096
96.002
95.908
95.814
95.721
95.627
95.534
95.44
95.347
95.254
95.161
95.068
94.975
94.882
94.789
94.696
94.604
94.511
94.419
94.326
94.234
94.142
94.05
93.958
93.866
93.774
93.682
