0
1.5582e-05
0.00012432
0.00041841
0.00098901
0.0019262
0.0033191
0.0052555
0.0078224
0.011105
0.015189
0.020157
0.026092
0.033075
0.041186
0.050503
0.061105
0.073069
0.086468
0.10138
0.11787
0.13602
0.1559
0.17757
0.2011
0.22657
0.25403
0.28355
0.3152
0.34903
0.38511
0.4235
0.46425
0.50742
0.55307
0.60125
0.65202
0.70543
0.76152
0.82036
0.88198
0.94644
1.0138
1.084
1.1573
1.2335
1.3128
1.3952
1.4807
1.5694
1.6613
1.7565
1.8549
1.9566
2.0617
2.1702
2.282
2.3973
2.5161
2.6383
2.764
2.8933
3.0261
3.1625
3.3026
3.4462
3.5935
3.7444
3.899
4.0573
4.2193
4.3851
4.5545
4.7277
4.9047
5.0854
5.2699
5.4582
5.6503
5.8462
6.0459
6.2494
6.4567
6.6678
6.8827
7.1015
7.3241
7.5505
7.7807
8.0147
8.2526
8.4942
8.7397
8.989
9.2421
9.4989
9.7596
10.024
10.292
10.564
10.84
11.119
11.402
11.689
11.98
12.274
12.572
12.874
13.179
13.488
13.801
14.117
14.436
14.76
15.087
15.417
15.751
16.088
16.429
16.774
17.121
17.473
17.827
18.185
18.547
18.911
19.279
19.651
20.025
20.403
20.784
21.169
21.556
21.947
22.34
22.737
23.137
23.54
23.946
24.355
24.767
25.182
25.599
26.02
26.444
26.87
27.299
27.731
28.166
28.603
29.043
29.486
29.931
30.38
30.83
31.283
31.739
32.197
32.658
33.121
33.586
34.054
34.525
34.997
35.472
35.949
36.428
36.91
37.394
37.879
38.367
38.857
39.349
39.843
40.34
40.838
41.338
41.839
42.343
42.849
43.356
43.865
44.376
44.889
45.403
45.919
46.437
46.956
47.477
47.999
48.523
49.048
49.575
50.103
50.633
51.164
51.696
52.23
52.765
53.301
53.838
54.377
54.916
55.457
55.999
56.542
57.086
57.631
58.178
58.725
59.273
59.822
60.371
60.922
61.474
62.026
62.579
63.133
63.687
64.243
64.798
65.355
65.912
66.47
67.028
67.587
68.146
68.706
69.267
69.827
70.389
70.95
71.512
72.074
72.637
73.2
73.763
74.326
74.89
75.454
76.018
76.582
77.146
77.71
78.274
78.839
79.403
79.968
80.532
81.097
81.661
82.225
82.79
83.354
83.917
84.481
85.045
85.608
86.171
86.734
87.297
87.859
88.421
88.983
89.544
90.105
90.666
91.226
91.785
92.345
92.903
93.462
94.02
94.577
95.134
95.69
96.246
96.801
97.355
97.909
98.462
99.014
99.566
100.12
100.67
101.22
101.77
102.31
102.86
103.41
103.95
104.5
105.04
105.59
106.13
106.67
107.21
107.75
108.29
108.83
109.36
109.9
110.44
110.97
111.5
112.03
112.57
113.1
113.62
114.15
114.68
115.2
115.73
116.25
116.77
117.29
117.81
118.33
118.85
119.37
119.88
120.4
120.91
121.42
121.93
122.44
122.95
123.45
123.96
124.46
124.96
125.46
125.96
126.46
126.96
127.45
127.95
128.44
128.93
129.42
129.91
130.4
130.89
131.37
131.85
132.33
132.82
133.29
133.77
134.25
134.72
135.19
135.66
136.13
136.6
137.07
137.53
138
138.46
138.92
139.38
139.84
140.29
140.75
141.2
141.65
142.1
142.55
143
143.44
143.88
144.33
144.77
145.2
145.64
146.08
146.51
146.94
147.37
147.8
148.23
148.65
149.07
149.5
149.92
150.34
150.75
151.17
151.58
151.99
152.4
152.81
153.22
153.62
154.03
154.43
154.83
155.22
155.62
156.02
156.41
156.8
157.19
157.58
157.96
158.35
158.73
159.11
159.49
159.87
160.24
160.62
160.99
161.36
161.73
162.09
162.46
162.82
163.18
163.54
163.9
164.26
164.61
164.97
165.32
165.67
166.01
166.36
166.7
167.04
167.39
167.72
168.06
168.4
168.73
169.06
169.39
169.72
170.04
170.37
170.69
171.01
171.33
171.65
171.97
172.28
172.59
172.9
173.21
173.52
173.82
174.13
174.43
174.73
175.02
175.32
175.62
175.91
176.2
176.49
176.78
177.06
177.35
177.63
177.91
178.19
178.46
178.74
179.01
179.28
179.55
179.82
180.09
180.35
180.62
180.88
181.14
181.4
181.65
181.91
182.16
182.41
182.66
182.91
183.15
183.4
183.64
183.88
184.12
184.36
184.59
184.83
185.06
185.29
185.52
185.75
185.97
186.2
186.42
186.64
186.86
187.07
187.29
187.5
187.71
187.93
188.13
188.34
188.55
188.75
188.95
189.15
189.35
189.55
189.75
189.94
190.13
190.32
190.51
190.7
190.89
191.07
191.25
191.43
191.61
191.79
191.97
192.14
192.31
192.49
192.66
192.82
192.99
193.16
193.32
193.48
193.64
193.8
193.96
194.11
194.27
194.42
194.57
194.72
194.87
195.02
195.16
195.31
195.45
195.59
195.73
195.87
196
196.14
196.27
196.4
196.53
196.66
196.79
196.91
197.04
197.16
197.28
197.4
197.52
197.63
197.75
197.86
197.98
198.09
198.2
198.3
198.41
198.52
198.62
198.72
198.82
198.92
199.02
199.12
199.21
199.31
199.4
199.49
199.58
199.67
199.76
199.84
199.93
200.01
200.09
200.17
200.25
200.33
200.41
200.48
200.55
200.63
200.7
200.77
200.84
200.9
200.97
201.03
201.1
201.16
201.22
201.28
201.34
201.39
201.45
201.5
201.56
201.61
201.66
201.71
201.75
201.8
201.85
201.89
201.93
201.98
202.02
202.05
202.09
202.13
202.17
202.2
202.23
202.27
202.3
202.33
202.35
202.38
202.41
202.43
202.46
202.48
202.5
202.52
202.54
202.56
202.57
202.59
202.61
202.62
202.63
202.64
202.65
202.66
202.67
202.68
202.68
202.69
202.69
202.69
202.69
202.69
202.69
202.69
202.69
202.68
202.68
202.67
202.67
202.66
202.65
202.64
202.63
202.61
202.6
202.59
202.57
202.55
202.54
202.52
202.5
202.48
202.46
202.43
202.41
202.39
202.36
202.33
202.31
202.28
202.25
202.22
202.19
202.16
202.12
202.09
202.05
202.02
201.98
201.94
201.9
201.87
201.82
201.78
201.74
201.7
201.65
201.61
201.56
201.52
201.47
201.42
201.37
201.32
201.27
201.22
201.16
201.11
201.05
201
200.94
200.89
200.83
200.77
200.71
200.65
200.59
200.53
200.46
200.4
200.33
200.27
200.2
200.14
200.07
200
199.93
199.86
199.79
199.72
199.64
199.57
199.5
199.42
199.35
199.27
199.19
199.12
199.04
198.96
198.88
198.8
198.72
198.63
198.55
198.47
198.38
198.3
198.21
198.13
198.04
197.95
197.86
197.77
197.68
197.59
197.5
197.41
197.32
197.22
197.13
197.03
196.94
196.84
196.75
196.65
196.55
196.45
196.35
196.25
196.15
196.05
195.95
195.85
195.74
195.64
195.54
195.43
195.33
195.22
195.11
195.01
194.9
194.79
194.68
194.57
194.46
194.35
194.24
194.13
194.02
193.9
193.79
193.68
193.56
193.45
193.33
193.21
193.1
192.98
192.86
192.74
192.62
192.5
192.38
192.26
192.14
192.02
191.9
191.78
191.65
191.53
191.4
191.28
191.15
191.03
190.9
190.78
190.65
190.52
190.39
190.27
190.14
190.01
189.88
189.75
189.62
189.48
189.35
189.22
189.09
188.95
188.82
188.69
188.55
188.42
188.28
188.15
188.01
187.87
187.74
187.6
187.46
187.32
187.18
187.05
186.91
186.77
186.63
186.48
186.34
186.2
186.06
185.92
185.78
185.63
185.49
185.35
185.2
185.06
184.91
184.77
184.62
184.47
184.33
184.18
184.03
183.89
183.74
183.59
183.44
183.29
183.14
182.99
182.85
182.69
182.54
182.39
182.24
182.09
181.94
181.79
181.63
181.48
181.33
181.18
181.02
180.87
180.71
180.56
180.4
180.25
180.09
179.94
179.78
179.63
179.47
179.31
179.15
179
178.84
178.68
178.52
178.36
178.21
178.05
177.89
177.73
177.57
177.41
177.25
177.09
176.93
176.77
176.6
176.44
176.28
176.12
175.96
175.79
175.63
175.47
175.3
175.14
174.98
174.81
174.65
174.49
174.32
174.16
173.99
173.83
173.66
173.49
173.33
173.16
173
172.83
172.66
172.5
172.33
172.16
172
171.83
171.66
171.49
171.32
171.16
170.99
170.82
170.65
170.48
170.31
170.14
169.97
169.8
169.63
169.46
169.29
169.12
168.95
168.78
168.61
168.44
168.27
168.1
167.93
167.76
167.58
167.41
167.24
167.07
166.9
166.72
166.55
166.38
166.21
166.03
165.86
165.69
165.51
165.34
165.17
164.99
164.82
164.65
164.47
164.3
164.12
163.95
163.78
163.6
163.43
163.25
163.08
162.9
162.73
162.55
162.38
162.2
162.03
161.85
161.68
161.5
161.32
161.15
160.97
160.8
160.62
160.44
160.27
160.09
159.92
159.74
159.56
159.39
159.21
159.03
158.86
158.68
158.5
158.33
158.15
157.97
157.79
157.62
157.44
157.26
157.09
156.91
156.73
156.55
156.38
156.2
156.02
155.84
155.67
155.49
155.31
155.13
154.95
154.78
154.6
154.42
154.24
154.06
153.89
153.71
153.53
153.35
153.17
153
152.82
152.64
152.46
152.28
152.11
151.93
151.75
151.57
151.39
151.21
151.04
150.86
150.68
150.5
150.32
150.14
149.97
149.79
149.61
149.43
149.25
149.07
148.89
148.72
148.54
148.36
148.18
148
147.82
147.65
147.47
147.29
147.11
146.93
146.75
146.58
146.4
146.22
146.04
145.86
145.69
145.51
145.33
145.15
144.97
144.8
144.62
144.44
144.26
144.08
143.91
143.73
143.55
143.37
143.19
143.02
142.84
142.66
142.48
142.31
142.13
141.95
141.77
141.6
141.42
141.24
141.06
140.89
140.71
140.53
140.36
140.18
140
139.82
139.65
139.47
139.29
139.12
138.94
138.76
138.59
138.41
138.23
138.06
137.88
137.71
137.53
137.35
137.18
137
136.83
136.65
136.47
136.3
136.12
135.95
135.77
135.6
135.42
135.24
135.07
134.89
134.72
134.54
134.37
134.19
134.02
133.84
133.67
133.49
133.32
133.15
132.97
132.8
132.62
132.45
132.27
132.1
131.93
131.75
131.58
131.41
131.23
131.06
130.89
130.71
130.54
130.37
130.19
130.02
129.85
129.67
129.5
129.33
129.16
128.98
128.81
128.64
128.47
128.3
128.12
127.95
127.78
127.61
127.44
127.27
127.09
126.92
126.75
126.58
126.41
126.24
126.07
125.9
125.73
125.56
125.39
125.22
125.05
124.88
124.71
124.54
124.37
124.2
124.03
123.86
123.69
123.52
123.35
123.18
123.01
122.85
122.68
122.51
122.34
122.17
122
121.84
121.67
121.5
121.33
121.17
121
120.83
120.66
120.5
120.33
120.16
120
119.83
119.66
119.5
119.33
119.17
119
118.83
118.67
118.5
118.34
118.17
118.01
117.84
117.68
117.51
117.35
117.18
117.02
116.85
116.69
116.53
116.36
116.2
116.03
115.87
115.71
115.54
115.38
115.22
115.06
114.89
114.73
114.57
114.4
114.24
114.08
113.92
113.76
113.6
113.43
113.27
113.11
112.95
112.79
112.63
112.47
112.31
112.15
111.99
111.83
111.67
111.51
111.35
111.19
111.03
110.87
110.71
110.55
110.39
110.23
110.07
109.91
109.76
109.6
109.44
109.28
109.12
108.97
108.81
108.65
108.49
108.34
108.18
108.02
107.87
107.71
107.55
107.4
107.24
107.09
106.93
106.77
106.62
106.46
106.31
106.15
106
105.84
105.69
105.53
105.38
105.23
105.07
104.92
104.76
104.61
104.46
104.3
104.15
104
103.84
103.69
103.54
103.39
103.23
103.08
102.93
102.78
102.63
102.48
102.32
102.17
102.02
101.87
101.72
101.57
101.42
101.27
101.12
100.97
100.82
100.67
100.52
100.37
100.22
100.07
99.923
99.774
99.626
99.477
99.329
99.181
99.033
98.885
98.737
98.59
98.442
98.295
98.148
98.001
97.855
97.708
97.561
97.415
97.269
97.123
96.977
96.832
96.686
96.541
96.396
96.25
96.106
95.961
95.816
95.672
95.528
95.384
95.24
95.096
94.952
94.809
94.665
94.522
94.379
94.236
94.094
93.951
93.809
93.667
93.524
93.383
93.241
93.099
92.958
92.817
92.675
92.534
92.394
92.253
92.113
91.972
91.832
91.692
91.552
91.412
91.273
91.134
90.994
90.855
90.716
90.578
90.439
90.301
90.162
90.024
89.886
89.749
89.611
89.474
89.336
89.199
89.062
88.925
88.789
88.652
88.516
88.38
88.243
88.108
87.972
87.836
87.701
87.566
87.431
87.296
87.161
87.026
86.892
86.758
86.624
86.49
86.356
86.222
86.089
85.955
85.822
85.689
85.556
85.424
85.291
85.159
85.027
84.894
84.763
84.631
84.499
84.368
84.237
84.106
83.975
83.844
83.713
83.583
83.453
83.322
83.192
83.063
82.933
82.803
82.674
82.545
82.416
82.287
82.158
82.03
81.901
81.773
81.645
81.517
81.39
81.262
81.135
81.007
80.88
80.753
80.626
80.5
80.373
80.247
80.121
79.995
79.869
79.743
79.618
79.492
79.367
79.242
79.117
78.993
78.868
78.744
78.619
78.495
78.371
78.248
78.124
78
77.877
77.754
77.631
77.508
77.386
77.263
77.141
77.018
76.896
76.774
76.653
76.531
76.41
76.289
76.167
76.046
75.926
75.805
75.685
75.564
75.444
75.324
75.204
75.085
74.965
74.846
74.726
74.607
74.488
74.37
74.251
74.133
74.014
73.896
73.778
73.661
73.543
73.425
73.308
73.191
73.074
72.957
72.84
72.724
72.607
72.491
72.375
72.259
72.143
72.027
71.912
71.797
71.681
71.566
71.451
71.337
71.222
71.108
70.994
70.879
70.765
70.652
70.538
70.425
70.311
70.198
70.085
69.972
69.859
69.747
69.634
69.522
69.41
69.298
69.186
69.075
68.963
68.852
68.741
68.629
68.519
68.408
68.297
68.187
68.077
67.966
67.856
67.747
67.637
67.527
67.418
67.309
67.2
67.091
66.982
66.873
66.765
66.656
66.548
66.44
66.332
66.225
66.117
66.01
65.902
65.795
65.688
65.581
65.475
65.368
65.262
65.156
65.049
64.943
64.838
64.732
64.627
64.521
64.416
64.311
64.206
64.101
63.997
63.892
63.788
63.684
63.58
63.476
63.372
63.268
63.165
63.062
62.959
62.856
62.753
62.65
62.547
62.445
62.343
62.241
62.139
62.037
61.935
61.833
61.732
61.631
61.53
61.429
61.328
61.227
61.127
61.026
60.926
60.826
60.726
60.626
60.526
60.427
60.328
60.228
60.129
60.03
59.931
59.833
59.734
59.636
59.537
59.439
59.341
59.244
59.146
59.048
58.951
58.854
58.757
58.66
58.563
58.466
58.369
58.273
58.177
58.081
57.985
57.889
57.793
57.697
57.602
57.507
57.412
57.317
57.222
57.127
57.032
56.938
56.843
56.749
56.655
56.561
56.468
56.374
56.28
56.187
56.094
56.001
55.908
55.815
55.722
55.63
55.537
55.445
55.353
55.261
55.169
55.077
54.986
54.894
54.803
54.712
54.621
54.53
54.439
54.348
54.258
54.167
54.077
53.987
53.897
53.807
53.717
53.628
53.538
53.449
53.36
53.271
53.182
53.093
53.005
52.916
52.828
52.739
52.651
52.563
52.475
52.388
52.3
52.213
52.125
52.038
51.951
51.864
51.777
51.691
51.604
51.518
51.431
51.345
51.259
51.173
51.088
51.002
50.916
50.831
50.746
50.661
50.576
50.491
50.406
50.322
50.237
50.153
50.068
49.984
49.9
49.817
49.733
49.649
49.566
49.482
49.399
49.316
49.233
49.15
49.068
48.985
48.903
48.82
48.738
48.656
48.574
48.492
48.411
48.329
48.248
48.166
48.085
48.004
47.923
47.842
47.762
47.681
47.601
47.52
47.44
47.36
47.28
47.2
47.12
47.041
46.961
46.882
46.803
46.724
46.645
46.566
46.487
46.408
46.33
46.252
46.173
46.095
46.017
45.939
45.862
45.784
45.706
45.629
45.552
45.474
45.397
45.32
45.244
45.167
45.09
45.014
44.938
44.861
44.785
44.709
44.633
44.558
44.482
44.407
44.331
44.256
44.181
44.106
44.031
43.956
43.881
43.807
43.732
43.658
43.584
43.509
43.435
43.362
43.288
43.214
43.141
43.067
42.994
42.921
42.848
42.775
42.702
42.629
42.557
42.484
42.412
42.339
42.267
42.195
42.123
42.051
41.98
41.908
41.837
41.765
41.694
41.623
41.552
41.481
41.41
41.339
41.269
41.198
41.128
41.058
40.987
40.917
40.848
40.778
40.708
40.638
40.569
40.5
40.43
40.361
40.292
40.223
40.154
40.086
40.017
39.949
39.88
39.812
39.744
39.676
39.608
39.54
39.472
39.404
39.337
39.27
39.202
39.135
39.068
39.001
38.934
38.867
38.801
38.734
38.668
38.601
38.535
38.469
38.403
38.337
38.271
38.205
38.14
38.074
38.009
37.943
37.878
37.813
37.748
37.683
37.619
37.554
37.489
37.425
37.36
37.296
37.232
37.168
37.104
37.04
36.976
36.913
36.849
36.786
36.722
36.659
36.596
36.533
36.47
36.407
36.345
36.282
36.219
36.157
36.095
36.032
35.97
35.908
