0
7.0109e-08
5.5924e-07
1.882e-06
4.4481e-06
8.6625e-06
1.4925e-05
2.3632e-05
3.5174e-05
4.9937e-05
6.8302e-05
9.0647e-05
0.00011734
0.00014876
0.00018526
0.0002272
0.00027494
0.00032883
0.00038921
0.00045642
0.00053081
0.0006127
0.00070242
0.00080031
0.00090667
0.0010218
0.0011461
0.0012798
0.0014232
0.0015766
0.0017403
0.0019147
0.0020999
0.0022964
0.0025043
0.0027239
0.0029555
0.0031995
0.0034559
0.0037252
0.0040076
0.0043033
0.0046125
0.0049356
0.0052728
0.0056242
0.0059902
0.006371
0.0067668
0.0071778
0.0076043
0.0080465
0.0085045
0.0089787
0.0094692
0.0099762
0.0105
0.011041
0.011598
0.012173
0.012766
0.013376
0.014005
0.014651
0.015315
0.015998
0.0167
0.01742
0.018159
0.018918
0.019695
0.020492
0.021309
0.022145
0.023001
0.023877
0.024774
0.02569
0.026628
0.027585
0.028564
0.029563
0.030583
0.031624
0.032687
0.033771
0.034876
0.036003
0.037152
0.038322
0.039514
0.040729
0.041965
0.043224
0.044505
0.045808
0.047134
0.048482
0.049854
0.051248
0.052664
0.054104
0.055567
0.057053
0.058562
0.060095
0.06165
0.063229
0.064832
0.066458
0.068108
0.069781
0.071478
0.073199
0.074944
0.076712
0.078505
0.080321
0.082162
0.084027
0.085915
0.087828
0.089766
0.091727
0.093713
0.095723
0.097757
0.099816
0.1019
0.10401
0.10614
0.1083
0.11048
0.11268
0.11491
0.11717
0.11945
0.12175
0.12408
0.12643
0.12881
0.13121
0.13364
0.13609
0.13857
0.14107
0.1436
0.14615
0.14872
0.15132
0.15395
0.1566
0.15927
0.16197
0.16469
0.16744
0.17022
0.17301
0.17583
0.17868
0.18155
0.18445
0.18737
0.19031
0.19328
0.19628
0.19929
0.20234
0.2054
0.20849
0.21161
0.21475
0.21791
0.2211
0.22431
0.22755
0.23081
0.2341
0.23741
0.24074
0.24409
0.24748
0.25088
0.25431
0.25776
0.26124
0.26474
0.26826
0.27181
0.27538
0.27897
0.28259
0.28623
0.2899
0.29358
0.29729
0.30103
0.30479
0.30857
0.31237
0.3162
0.32005
0.32392
0.32781
0.33173
0.33567
0.33963
0.34362
0.34763
0.35166
0.35571
0.35979
0.36388
0.368
0.37214
0.37631
0.38049
0.3847
0.38893
0.39318
0.39745
0.40175
0.40606
0.4104
0.41476
0.41914
0.42354
0.42796
0.4324
0.43687
0.44135
0.44586
0.45038
0.45493
0.4595
0.46409
0.46869
0.47332
0.47797
0.48264
0.48733
0.49204
0.49677
0.50152
0.50629
0.51107
0.51588
0.52071
0.52556
0.53042
0.53531
0.54021
0.54514
0.55008
0.55504
0.56002
0.56502
0.57004
0.57507
0.58013
0.5852
0.59029
0.5954
0.60052
0.60567
0.61083
0.61601
0.62121
0.62643
0.63166
0.63691
0.64218
0.64746
0.65276
0.65808
0.66342
0.66877
0.67414
0.67953
0.68493
0.69035
0.69578
0.70123
0.7067
0.71218
0.71768
0.7232
0.72873
0.73428
0.73984
0.74542
0.75101
0.75662
0.76224
0.76788
0.77353
0.7792
0.78488
0.79058
0.79629
0.80202
0.80776
0.81352
0.81928
0.82507
0.83086
0.83667
0.8425
0.84834
0.85419
0.86005
0.86593
0.87182
0.87773
0.88365
0.88958
0.89552
0.90148
0.90744
0.91343
0.91942
0.92543
0.93144
0.93747
0.94352
0.94957
0.95563
0.96171
0.9678
0.9739
0.98001
0.98614
0.99227
0.99842
1.0046
1.0107
1.0169
1.0231
1.0293
1.0355
1.0417
1.048
1.0542
1.0605
1.0667
1.073
1.0793
1.0856
1.0919
1.0982
1.1045
1.1108
1.1171
1.1235
1.1298
1.1362
1.1426
1.149
1.1553
1.1617
1.1681
1.1746
1.181
1.1874
1.1938
1.2003
1.2067
1.2132
1.2197
1.2261
1.2326
1.2391
1.2456
1.2521
1.2586
1.2651
1.2717
1.2782
1.2847
1.2913
1.2978
1.3044
1.3109
1.3175
1.3241
1.3307
1.3373
1.3438
1.3504
1.357
1.3636
1.3703
1.3769
1.3835
1.3901
1.3968
1.4034
1.41
1.4167
1.4233
1.43
1.4366
1.4433
1.45
1.4566
1.4633
1.47
1.4767
1.4834
1.4901
1.4968
1.5035
1.5102
1.5169
1.5236
1.5303
1.537
1.5437
1.5504
1.5571
1.5639
1.5706
1.5773
1.584
1.5908
1.5975
1.6042
1.611
1.6177
1.6244
1.6312
1.6379
1.6447
1.6514
1.6582
1.6649
1.6717
1.6784
1.6852
1.6919
1.6987
1.7054
1.7122
1.7189
1.7257
1.7324
1.7392
1.7459
1.7527
1.7594
1.7662
1.773
1.7797
1.7865
1.7932
1.8
1.8067
1.8135
1.8202
1.827
1.8337
1.8405
1.8472
1.8539
1.8607
1.8674
1.8742
1.8809
1.8876
1.8944
1.9011
1.9078
1.9146
1.9213
1.928
1.9347
1.9415
1.9482
1.9549
1.9616
1.9683
1.975
1.9817
1.9884
1.9951
2.0018
2.0085
2.0152
2.0219
2.0286
2.0352
2.0419
2.0486
2.0552
2.0619
2.0686
2.0752
2.0819
2.0885
2.0952
2.1018
2.1084
2.1151
2.1217
2.1283
2.1349
2.1416
2.1482
2.1548
2.1614
2.168
2.1746
2.1811
2.1877
2.1943
2.2009
2.2074
2.214
2.2205
2.2271
2.2336
2.2402
2.2467
2.2532
2.2598
2.2663
2.2728
2.2793
2.2858
2.2923
2.2987
2.3052
2.3117
2.3182
2.3246
2.3311
2.3375
2.3439
2.3504
2.3568
2.3632
2.3696
2.376
2.3824
2.3888
2.3952
2.4016
2.408
2.4143
2.4207
2.427
2.4334
2.4397
2.446
2.4523
2.4586
2.4649
2.4712
2.4775
2.4838
2.4901
2.4963
2.5026
2.5088
2.5151
2.5213
2.5275
2.5337
2.5399
2.5461
2.5523
2.5585
2.5647
2.5708
2.577
2.5831
2.5892
2.5954
2.6015
2.6076
2.6137
2.6198
2.6259
2.6319
2.638
2.6441
2.6501
2.6561
2.6622
2.6682
2.6742
2.6802
2.6862
2.6921
2.6981
2.7041
2.71
2.7159
2.7219
2.7278
2.7337
2.7396
2.7455
2.7514
2.7572
2.7631
2.7689
2.7748
2.7806
2.7864
2.7922
2.798
2.8038
2.8096
2.8153
2.8211
2.8268
2.8326
2.8383
2.844
2.8497
2.8554
2.861
2.8667
2.8724
2.878
2.8836
2.8893
2.8949
2.9005
2.9061
2.9116
2.9172
2.9228
2.9283
2.9338
2.9394
2.9449
2.9504
2.9559
2.9613
2.9668
2.9722
2.9777
2.9831
2.9885
2.9939
2.9993
3.0047
3.0101
3.0154
3.0208
3.0261
3.0314
3.0367
3.042
3.0473
3.0526
3.0579
3.0631
3.0684
3.0736
3.0788
3.084
3.0892
3.0944
3.0995
3.1047
3.1098
3.1149
3.12
3.1251
3.1302
3.1353
3.1404
3.1454
3.1505
3.1555
3.1605
3.1655
3.1705
3.1755
3.1804
3.1854
3.1903
3.1952
3.2001
3.205
3.2099
3.2148
3.2197
3.2245
3.2293
3.2342
3.239
3.2438
3.2485
3.2533
3.2581
3.2628
3.2675
3.2722
3.2769
3.2816
3.2863
3.291
3.2956
3.3002
3.3049
3.3095
3.3141
3.3187
3.3232
3.3278
3.3323
3.3368
3.3414
3.3459
3.3504
3.3548
3.3593
3.3637
3.3682
3.3726
3.377
3.3814
3.3858
3.3901
3.3945
3.3988
3.4031
3.4075
3.4118
3.416
3.4203
3.4246
3.4288
3.433
3.4372
3.4414
3.4456
3.4498
3.454
3.4581
3.4622
3.4664
3.4705
3.4746
3.4786
3.4827
3.4867
3.4908
3.4948
3.4988
3.5028
3.5068
3.5107
3.5147
3.5186
3.5226
3.5265
3.5304
3.5342
3.5381
3.542
3.5458
3.5496
3.5534
3.5572
3.561
3.5648
3.5685
3.5723
3.576
3.5797
3.5834
3.5871
3.5908
3.5944
3.5981
3.6017
3.6053
3.6089
3.6125
3.6161
3.6196
3.6232
3.6267
3.6302
3.6337
3.6372
3.6407
3.6441
3.6476
3.651
3.6544
3.6578
3.6612
3.6646
3.6679
3.6713
3.6746
3.6779
3.6812
3.6845
3.6878
3.691
3.6943
3.6975
3.7007
3.7039
3.7071
3.7103
3.7134
3.7166
3.7197
3.7228
3.7259
3.729
3.7321
3.7352
3.7382
3.7413
3.7443
3.7473
3.7503
3.7532
3.7562
3.7591
3.7621
3.765
3.7679
3.7708
3.7737
3.7765
3.7794
3.7822
3.785
3.7878
3.7906
3.7934
3.7962
3.7989
3.8017
3.8044
3.8071
3.8098
3.8125
3.8151
3.8178
3.8204
3.823
3.8256
3.8282
3.8308
3.8334
3.8359
3.8385
3.841
3.8435
3.846
3.8485
3.851
3.8534
3.8559
3.8583
3.8607
3.8631
3.8655
3.8679
3.8702
3.8726
3.8749
3.8772
3.8795
3.8818
3.8841
3.8863
3.8886
3.8908
3.893
3.8952
3.8974
3.8996
3.9018
3.9039
3.906
3.9082
3.9103
3.9124
3.9144
3.9165
3.9186
3.9206
3.9226
3.9246
3.9266
3.9286
3.9306
3.9326
3.9345
3.9364
3.9383
3.9403
3.9421
3.944
3.9459
3.9477
3.9496
3.9514
3.9532
3.955
3.9568
3.9585
3.9603
3.962
3.9638
3.9655
3.9672
3.9689
3.9705
3.9722
3.9738
3.9755
3.9771
3.9787
3.9803
3.9819
3.9835
3.985
3.9866
3.9881
3.9896
3.9911
3.9926
3.9941
3.9955
3.997
3.9984
3.9998
4.0012
4.0026
4.004
4.0054
4.0067
4.0081
4.0094
4.0107
4.012
4.0133
4.0146
4.0159
4.0171
4.0184
4.0196
4.0208
4.022
4.0232
4.0244
4.0256
4.0267
4.0278
4.029
4.0301
4.0312
4.0323
4.0333
4.0344
4.0355
4.0365
4.0375
4.0385
4.0395
4.0405
4.0415
4.0425
4.0434
4.0443
4.0453
4.0462
4.0471
4.048
4.0488
4.0497
4.0505
4.0514
4.0522
4.053
4.0538
4.0546
4.0554
4.0562
4.0569
4.0576
4.0584
4.0591
4.0598
4.0605
4.0612
4.0618
4.0625
4.0631
4.0638
4.0644
4.065
4.0656
4.0662
4.0667
4.0673
4.0678
4.0684
4.0689
4.0694
4.0699
4.0704
4.0709
4.0713
4.0718
4.0722
4.0726
4.0731
4.0735
4.0739
4.0742
4.0746
4.075
4.0753
4.0757
4.076
4.0763
4.0766
4.0769
4.0772
4.0774
4.0777
4.0779
4.0782
4.0784
4.0786
4.0788
4.079
4.0792
4.0793
4.0795
4.0796
4.0797
4.0799
4.08
4.0801
4.0802
4.0802
4.0803
4.0804
4.0804
4.0804
4.0805
4.0805
4.0805
4.0804
4.0804
4.0804
4.0803
4.0803
4.0802
4.0801
4.0801
4.08
4.0799
4.0797
4.0796
4.0795
4.0793
4.0791
4.079
4.0788
4.0786
4.0784
4.0782
4.078
4.0777
4.0775
4.0772
4.0769
4.0767
4.0764
4.0761
4.0758
4.0755
4.0751
4.0748
4.0744
4.0741
4.0737
4.0733
4.0729
4.0725
4.0721
4.0717
4.0713
4.0708
4.0704
4.0699
4.0694
4.069
4.0685
4.068
4.0675
4.0669
4.0664
4.0659
4.0653
4.0648
4.0642
4.0636
4.063
4.0624
4.0618
4.0612
4.0606
4.0599
4.0593
4.0586
4.058
4.0573
4.0566
4.0559
4.0552
4.0545
4.0538
4.0531
4.0523
4.0516
4.0508
4.05
4.0493
4.0485
4.0477
4.0469
4.0461
4.0452
4.0444
4.0436
4.0427
4.0419
4.041
4.0401
4.0392
4.0383
4.0374
4.0365
4.0356
4.0346
4.0337
4.0328
4.0318
4.0308
4.0299
4.0289
4.0279
4.0269
4.0259
4.0249
4.0238
4.0228
4.0217
4.0207
4.0196
4.0186
4.0175
4.0164
4.0153
4.0142
4.0131
4.012
4.0108
4.0097
4.0085
4.0074
4.0062
4.0051
4.0039
4.0027
4.0015
4.0003
3.9991
3.9979
3.9966
3.9954
3.9942
3.9929
3.9916
3.9904
3.9891
3.9878
3.9865
3.9852
3.9839
3.9826
3.9813
3.98
3.9786
3.9773
3.9759
3.9746
3.9732
3.9718
3.9704
3.969
3.9676
3.9662
3.9648
3.9634
3.962
3.9605
3.9591
3.9576
3.9562
3.9547
3.9532
3.9517
3.9502
3.9487
3.9472
3.9457
3.9442
3.9427
3.9412
3.9396
3.9381
3.9365
3.935
3.9334
3.9318
3.9302
3.9286
3.927
3.9254
3.9238
3.9222
3.9206
3.919
3.9173
3.9157
3.914
3.9124
3.9107
3.909
3.9073
3.9057
3.904
3.9023
3.9006
3.8988
3.8971
3.8954
3.8937
3.8919
3.8902
3.8884
3.8867
3.8849
3.8831
3.8814
3.8796
3.8778
3.876
3.8742
3.8724
3.8706
3.8687
3.8669
3.8651
3.8632
3.8614
3.8595
3.8577
3.8558
3.8539
3.8521
3.8502
3.8483
3.8464
3.8445
3.8426
3.8407
3.8388
3.8368
3.8349
3.833
3.831
3.8291
3.8271
3.8252
3.8232
3.8212
3.8193
3.8173
3.8153
3.8133
3.8113
3.8093
3.8073
3.8053
3.8032
3.8012
3.7992
3.7971
3.7951
3.793
3.791
3.7889
3.7869
3.7848
3.7827
3.7806
3.7785
3.7764
3.7743
3.7722
3.7701
3.768
3.7659
3.7638
3.7616
3.7595
3.7574
3.7552
3.7531
3.7509
3.7488
3.7466
3.7444
3.7423
3.7401
3.7379
3.7357
3.7335
3.7313
3.7291
3.7269
3.7247
3.7225
3.7202
3.718
3.7158
3.7135
3.7113
3.7091
3.7068
3.7046
3.7023
3.7
3.6978
3.6955
3.6932
3.6909
3.6886
3.6863
3.684
3.6817
3.6794
3.6771
3.6748
3.6725
3.6702
3.6678
3.6655
3.6632
3.6608
3.6585
3.6561
3.6538
3.6514
3.6491
3.6467
3.6443
3.642
3.6396
3.6372
3.6348
3.6324
3.63
3.6276
3.6252
3.6228
3.6204
3.618
3.6156
3.6132
3.6107
3.6083
3.6059
3.6034
3.601
3.5985
3.5961
3.5936
3.5912
3.5887
3.5863
3.5838
3.5813
3.5789
3.5764
3.5739
3.5714
3.5689
3.5664
3.5639
3.5614
3.5589
3.5564
3.5539
3.5514
3.5489
3.5464
3.5438
3.5413
3.5388
3.5362
3.5337
3.5312
3.5286
3.5261
3.5235
3.521
3.5184
3.5159
3.5133
3.5107
3.5082
3.5056
3.503
3.5004
3.4979
3.4953
3.4927
3.4901
3.4875
3.4849
3.4823
3.4797
3.4771
3.4745
3.4719
3.4693
3.4666
3.464
3.4614
3.4588
3.4561
3.4535
3.4509
3.4482
3.4456
3.443
3.4403
3.4377
3.435
3.4324
3.4297
3.427
3.4244
3.4217
3.419
3.4164
3.4137
3.411
3.4084
3.4057
3.403
3.4003
3.3976
3.3949
3.3922
3.3896
3.3869
3.3842
3.3815
3.3788
3.376
3.3733
3.3706
3.3679
3.3652
3.3625
3.3598
3.357
3.3543
3.3516
3.3489
3.3461
3.3434
3.3407
3.3379
3.3352
3.3324
3.3297
3.327
3.3242
3.3215
3.3187
3.316
3.3132
3.3104
3.3077
3.3049
3.3022
3.2994
3.2966
3.2939
3.2911
3.2883
3.2855
3.2828
3.28
3.2772
3.2744
3.2716
3.2689
3.2661
3.2633
3.2605
3.2577
3.2549
3.2521
3.2493
3.2465
3.2437
3.2409
3.2381
3.2353
3.2325
3.2297
3.2269
3.2241
3.2213
3.2184
3.2156
3.2128
3.21
3.2072
3.2044
3.2015
3.1987
3.1959
3.1931
3.1902
3.1874
3.1846
3.1817
3.1789
3.1761
3.1732
3.1704
3.1675
3.1647
3.1619
3.159
3.1562
3.1533
3.1505
3.1476
3.1448
3.1419
3.1391
3.1362
3.1334
3.1305
3.1277
3.1248
3.122
3.1191
3.1162
3.1134
3.1105
3.1077
3.1048
3.1019
3.0991
3.0962
3.0933
3.0905
3.0876
3.0847
3.0819
3.079
3.0761
3.0732
3.0704
3.0675
3.0646
3.0617
3.0589
3.056
3.0531
3.0502
3.0473
3.0445
3.0416
3.0387
3.0358
3.0329
3.03
3.0272
3.0243
3.0214
3.0185
3.0156
3.0127
3.0098
3.0069
3.0041
3.0012
2.9983
2.9954
2.9925
2.9896
2.9867
2.9838
2.9809
2.978
2.9751
2.9722
2.9693
2.9664
2.9635
2.9606
2.9578
2.9549
2.952
2.9491
2.9462
2.9433
2.9404
2.9375
2.9346
2.9317
2.9288
2.9259
2.923
2.9201
2.9172
2.9143
2.9114
2.9084
2.9055
2.9026
2.8997
2.8968
2.8939
2.891
2.8881
2.8852
2.8823
2.8794
2.8765
2.8736
2.8707
2.8678
2.8649
2.862
2.8591
2.8562
2.8533
2.8504
2.8475
2.8446
2.8417
2.8388
2.8359
2.833
2.8301
2.8272
2.8242
2.8213
2.8184
2.8155
2.8126
2.8097
2.8068
2.8039
2.801
2.7981
2.7952
2.7923
2.7894
2.7865
2.7836
2.7807
2.7778
2.7749
2.772
2.7691
2.7662
2.7633
2.7604
2.7575
2.7546
2.7517
2.7488
2.7459
2.743
2.7401
2.7372
2.7343
2.7314
2.7286
2.7257
2.7228
2.7199
2.717
2.7141
2.7112
2.7083
2.7054
2.7025
2.6996
2.6967
2.6938
2.691
2.6881
2.6852
2.6823
2.6794
2.6765
2.6736
2.6707
2.6679
2.665
2.6621
2.6592
2.6563
2.6534
2.6506
2.6477
2.6448
2.6419
2.639
2.6362
2.6333
2.6304
2.6275
2.6247
2.6218
2.6189
2.616
2.6132
2.6103
2.6074
2.6046
2.6017
2.5988
2.596
2.5931
2.5902
2.5874
2.5845
2.5816
2.5788
2.5759
2.573
2.5702
2.5673
2.5645
2.5616
2.5587
2.5559
2.553
2.5502
2.5473
2.5445
2.5416
2.5388
2.5359
2.5331
2.5302
2.5274
2.5245
2.5217
2.5188
2.516
2.5131
2.5103
2.5075
2.5046
2.5018
2.499
2.4961
2.4933
2.4904
2.4876
2.4848
2.4819
2.4791
2.4763
2.4735
2.4706
2.4678
2.465
2.4622
2.4593
2.4565
2.4537
2.4509
2.4481
2.4452
2.4424
2.4396
2.4368
2.434
2.4312
2.4284
2.4256
2.4227
2.4199
2.4171
2.4143
2.4115
2.4087
2.4059
2.4031
2.4003
2.3975
2.3947
2.3919
2.3891
2.3864
2.3836
2.3808
2.378
2.3752
2.3724
2.3696
2.3668
2.3641
2.3613
2.3585
2.3557
2.3529
2.3502
2.3474
2.3446
2.3419
2.3391
2.3363
2.3336
2.3308
2.328
2.3253
2.3225
2.3197
2.317
2.3142
2.3115
2.3087
2.306
2.3032
2.3005
2.2977
2.295
2.2922
2.2895
2.2867
2.284
2.2812
2.2785
2.2758
2.273
2.2703
2.2676
2.2648
2.2621
2.2594
2.2566
2.2539
2.2512
2.2485
2.2458
2.243
2.2403
2.2376
2.2349
2.2322
2.2295
2.2268
2.224
2.2213
2.2186
2.2159
2.2132
2.2105
2.2078
2.2051
2.2024
2.1997
2.197
2.1944
2.1917
2.189
2.1863
2.1836
2.1809
2.1782
2.1756
2.1729
2.1702
2.1675
2.1649
2.1622
2.1595
2.1568
2.1542
2.1515
2.1489
2.1462
2.1435
2.1409
2.1382
2.1356
2.1329
2.1303
2.1276
2.125
2.1223
2.1197
2.117
2.1144
2.1117
2.1091
2.1065
2.1038
2.1012
2.0986
2.0959
2.0933
2.0907
2.0881
2.0854
2.0828
2.0802
2.0776
2.075
2.0724
2.0698
2.0671
2.0645
2.0619
2.0593
2.0567
2.0541
2.0515
2.0489
2.0463
2.0437
2.0411
2.0386
2.036
2.0334
2.0308
2.0282
2.0256
2.0231
2.0205
2.0179
2.0153
2.0128
2.0102
2.0076
2.0051
2.0025
1.9999
1.9974
1.9948
1.9923
1.9897
1.9872
1.9846
1.9821
1.9795
1.977
1.9744
1.9719
1.9693
1.9668
1.9643
1.9617
1.9592
1.9567
1.9541
1.9516
1.9491
1.9466
1.944
1.9415
1.939
1.9365
1.934
1.9315
1.929
1.9265
