0
2.5965e-05
0.00020711
0.00069688
0.0016468
0.0032066
0.0055237
0.0087438
0.01301
0.018465
0.025247
0.033493
0.043338
0.054915
0.068354
0.083784
0.10133
0.12112
0.14326
0.16789
0.19511
0.22505
0.2578
0.29349
0.33222
0.37409
0.4192
0.46766
0.51955
0.57499
0.63405
0.69682
0.7634
0.83388
0.90832
0.98681
1.0694
1.1563
1.2474
1.3428
1.4427
1.547
1.6559
1.7693
1.8875
2.0103
2.138
2.2704
2.4077
2.5499
2.6971
2.8493
3.0065
3.1689
3.3363
3.5089
3.6866
3.8696
4.0578
4.2512
4.45
4.654
4.8634
5.0781
5.2982
5.5236
5.7545
5.9907
6.2323
6.4793
6.7318
6.9896
7.2529
7.5216
7.7957
8.0752
8.3602
8.6505
8.9462
9.2473
9.5538
9.8656
10.183
10.505
10.833
11.166
11.505
11.848
12.197
12.551
12.911
13.275
13.645
14.019
14.399
14.784
15.174
15.569
15.969
16.373
16.783
17.198
17.617
18.041
18.47
18.904
19.342
19.785
20.233
20.685
21.142
21.603
22.069
22.539
23.014
23.492
23.975
24.463
24.954
25.45
25.95
26.453
26.961
27.473
27.989
28.508
29.032
29.559
30.09
30.625
31.163
31.705
32.25
32.799
33.351
33.907
34.466
35.028
35.594
36.163
36.735
37.31
37.888
38.469
39.053
39.64
40.23
40.823
41.418
42.017
42.617
43.221
43.827
44.435
45.046
45.66
46.275
46.894
47.514
48.136
48.761
49.388
50.017
50.648
51.281
51.916
52.553
53.192
53.832
54.474
55.118
55.764
56.411
57.06
57.71
58.362
59.015
59.67
60.326
60.983
61.642
62.302
62.963
63.625
64.288
64.952
65.617
66.283
66.95
67.618
68.287
68.957
69.627
70.298
70.97
71.642
72.315
72.989
73.663
74.337
75.012
75.687
76.363
77.039
77.715
78.392
79.069
79.746
80.423
81.1
81.777
82.454
83.132
83.809
84.486
85.163
85.84
86.517
87.194
87.87
88.546
89.222
89.898
90.573
91.248
91.922
92.596
93.269
93.942
94.614
95.286
95.957
96.628
97.298
97.967
98.636
99.304
99.971
100.64
101.3
101.97
102.63
103.29
103.96
104.62
105.28
105.94
106.59
107.25
107.91
108.56
109.21
109.87
110.52
111.17
111.82
112.47
113.11
113.76
114.4
115.04
115.69
116.33
116.96
117.6
118.24
118.87
119.5
120.14
120.77
121.39
122.02
122.65
123.27
123.89
124.51
125.13
125.75
126.37
126.98
127.59
128.21
128.82
129.42
130.03
130.63
131.24
131.84
132.43
133.03
133.63
134.22
134.81
135.4
135.99
136.58
137.16
137.74
138.32
138.9
139.48
140.05
140.63
141.2
141.76
142.33
142.9
143.46
144.02
144.58
145.14
145.69
146.24
146.79
147.34
147.89
148.43
148.98
149.52
150.05
150.59
151.12
151.66
152.19
152.71
153.24
153.76
154.28
154.8
155.32
155.83
156.35
156.86
157.36
157.87
158.37
158.87
159.37
159.87
160.37
160.86
161.35
161.84
162.32
162.81
163.29
163.77
164.24
164.72
165.19
165.66
166.13
166.59
167.06
167.52
167.98
168.43
168.89
169.34
169.79
170.24
170.68
171.13
171.57
172
172.44
172.87
173.31
173.73
174.16
174.59
175.01
175.43
175.85
176.26
176.67
177.08
177.49
177.9
178.3
178.7
179.1
179.5
179.9
180.29
180.68
181.07
181.45
181.83
182.21
182.59
182.97
183.34
183.72
184.08
184.45
184.82
185.18
185.54
185.9
186.25
186.61
186.96
187.31
187.65
188
188.34
188.68
189.02
189.35
189.69
190.02
190.35
190.67
191
191.32
191.64
191.95
192.27
192.58
192.89
193.2
193.51
193.81
194.11
194.41
194.71
195.01
195.3
195.59
195.88
196.17
196.45
196.73
197.01
197.29
197.56
197.84
198.11
198.38
198.65
198.91
199.17
199.43
199.69
199.95
200.2
200.45
200.7
200.95
201.2
201.44
201.68
201.92
202.16
202.39
202.63
202.86
203.09
203.31
203.54
203.76
203.98
204.2
204.42
204.63
204.84
205.05
205.26
205.47
205.67
205.88
206.08
206.27
206.47
206.66
206.86
207.05
207.24
207.42
207.61
207.79
207.97
208.15
208.32
208.5
208.67
208.84
209.01
209.18
209.34
209.51
209.67
209.83
209.99
210.14
210.3
210.45
210.6
210.75
210.89
211.04
211.18
211.32
211.46
211.6
211.73
211.86
212
212.13
212.25
212.38
212.5
212.63
212.75
212.87
212.99
213.1
213.21
213.33
213.44
213.55
213.65
213.76
213.86
213.96
214.06
214.16
214.26
214.35
214.45
214.54
214.63
214.72
214.8
214.89
214.97
215.05
215.13
215.21
215.29
215.36
215.44
215.51
215.58
215.65
215.71
215.78
215.84
215.91
215.97
216.03
216.08
216.14
216.19
216.25
216.3
216.35
216.4
216.44
216.49
216.53
216.58
216.62
216.66
216.7
216.73
216.77
216.8
216.83
216.86
216.89
216.92
216.95
216.97
216.99
217.02
217.04
217.06
217.07
217.09
217.11
217.12
217.13
217.14
217.15
217.16
217.17
217.17
217.18
217.18
217.18
217.18
217.18
217.18
217.17
217.17
217.16
217.16
217.15
217.14
217.12
217.11
217.1
217.08
217.07
217.05
217.03
217.01
216.99
216.96
216.94
216.92
216.89
216.86
216.83
216.8
216.77
216.74
216.71
216.67
216.64
216.6
216.56
216.52
216.48
216.44
216.4
216.35
216.31
216.26
216.21
216.17
216.12
216.07
216.01
215.96
215.91
215.85
215.8
215.74
215.68
215.62
215.56
215.5
215.44
215.38
215.31
215.25
215.18
215.11
215.04
214.97
214.9
214.83
214.76
214.69
214.61
214.54
214.46
214.38
214.3
214.23
214.15
214.06
213.98
213.9
213.82
213.73
213.64
213.56
213.47
213.38
213.29
213.2
213.11
213.02
212.93
212.83
212.74
212.64
212.55
212.45
212.35
212.25
212.15
212.05
211.95
211.85
211.74
211.64
211.53
211.43
211.32
211.22
211.11
211
210.89
210.78
210.67
210.56
210.44
210.33
210.21
210.1
209.98
209.87
209.75
209.63
209.51
209.39
209.27
209.15
209.03
208.91
208.79
208.66
208.54
208.41
208.29
208.16
208.03
207.9
207.77
207.65
207.52
207.38
207.25
207.12
206.99
206.86
206.72
206.59
206.45
206.32
206.18
206.04
205.9
205.77
205.63
205.49
205.35
205.21
205.06
204.92
204.78
204.64
204.49
204.35
204.2
204.06
203.91
203.77
203.62
203.47
203.32
203.17
203.02
202.87
202.72
202.57
202.42
202.27
202.12
201.96
201.81
201.65
201.5
201.34
201.19
201.03
200.88
200.72
200.56
200.4
200.24
200.09
199.93
199.77
199.6
199.44
199.28
199.12
198.96
198.79
198.63
198.47
198.3
198.14
197.97
197.81
197.64
197.48
197.31
197.14
196.97
196.81
196.64
196.47
196.3
196.13
195.96
195.79
195.62
195.45
195.28
195.1
194.93
194.76
194.59
194.41
194.24
194.06
193.89
193.71
193.54
193.36
193.19
193.01
192.83
192.66
192.48
192.3
192.12
191.95
191.77
191.59
191.41
191.23
191.05
190.87
190.69
190.51
190.33
190.14
189.96
189.78
189.6
189.41
189.23
189.05
188.87
188.68
188.5
188.31
188.13
187.94
187.76
187.57
187.39
187.2
187.01
186.83
186.64
186.45
186.27
186.08
185.89
185.7
185.52
185.33
185.14
184.95
184.76
184.57
184.38
184.19
184
183.81
183.62
183.43
183.24
183.05
182.86
182.67
182.47
182.28
182.09
181.9
181.71
181.51
181.32
181.13
180.93
180.74
180.55
180.35
180.16
179.97
179.77
179.58
179.38
179.19
178.99
178.8
178.6
178.41
178.21
178.02
177.82
177.63
177.43
177.23
177.04
176.84
176.64
176.45
176.25
176.05
175.86
175.66
175.46
175.26
175.07
174.87
174.67
174.47
174.28
174.08
173.88
173.68
173.48
173.28
173.09
172.89
172.69
172.49
172.29
172.09
171.89
171.69
171.49
171.29
171.09
170.9
170.7
170.5
170.3
170.1
169.9
169.7
169.5
169.3
169.1
168.9
168.7
168.49
168.29
168.09
167.89
167.69
167.49
167.29
167.09
166.89
166.69
166.49
166.29
166.09
165.89
165.68
165.48
165.28
165.08
164.88
164.68
164.48
164.28
164.08
163.87
163.67
163.47
163.27
163.07
162.87
162.67
162.46
162.26
162.06
161.86
161.66
161.46
161.26
161.05
160.85
160.65
160.45
160.25
160.05
159.85
159.64
159.44
159.24
159.04
158.84
158.64
158.44
158.24
158.03
157.83
157.63
157.43
157.23
157.03
156.83
156.63
156.42
156.22
156.02
155.82
155.62
155.42
155.22
155.02
154.82
154.62
154.42
154.21
154.01
153.81
153.61
153.41
153.21
153.01
152.81
152.61
152.41
152.21
152.01
151.81
151.61
151.41
151.21
151.01
150.81
150.61
150.41
150.21
150.01
149.81
149.61
149.41
149.21
149.01
148.82
148.62
148.42
148.22
148.02
147.82
147.62
147.42
147.22
147.03
146.83
146.63
146.43
146.23
146.04
145.84
145.64
145.44
145.24
145.05
144.85
144.65
144.45
144.26
144.06
143.86
143.66
143.47
143.27
143.07
142.88
142.68
142.48
142.29
142.09
141.9
141.7
141.5
141.31
141.11
140.92
140.72
140.53
140.33
140.14
139.94
139.75
139.55
139.36
139.16
138.97
138.77
138.58
138.38
138.19
138
137.8
137.61
137.41
137.22
137.03
136.83
136.64
136.45
136.26
136.06
135.87
135.68
135.48
135.29
135.1
134.91
134.72
134.52
134.33
134.14
133.95
133.76
133.57
133.38
133.19
133
132.8
132.61
132.42
132.23
132.04
131.85
131.66
131.47
131.28
131.1
130.91
130.72
130.53
130.34
130.15
129.96
129.77
129.59
129.4
129.21
129.02
128.83
128.65
128.46
128.27
128.09
127.9
127.71
127.53
127.34
127.15
126.97
126.78
126.59
126.41
126.22
126.04
125.85
125.67
125.48
125.3
125.11
124.93
124.74
124.56
124.38
124.19
124.01
123.82
123.64
123.46
123.28
123.09
122.91
122.73
122.54
122.36
122.18
122
121.82
121.63
121.45
121.27
121.09
120.91
120.73
120.55
120.37
120.19
120.01
119.83
119.65
119.47
119.29
119.11
118.93
118.75
118.57
118.39
118.21
118.04
117.86
117.68
117.5
117.32
117.15
116.97
116.79
116.62
116.44
116.26
116.09
115.91
115.73
115.56
115.38
115.21
115.03
114.86
114.68
114.51
114.33
114.16
113.98
113.81
113.63
113.46
113.29
113.11
112.94
112.77
112.59
112.42
112.25
112.08
111.9
111.73
111.56
111.39
111.22
111.05
110.87
110.7
110.53
110.36
110.19
110.02
109.85
109.68
109.51
109.34
109.17
109
108.83
108.67
108.5
108.33
108.16
107.99
107.82
107.66
107.49
107.32
107.15
106.99
106.82
106.65
106.49
106.32
106.16
105.99
105.82
105.66
105.49
105.33
105.16
105
104.83
104.67
104.5
104.34
104.18
104.01
103.85
103.69
103.52
103.36
103.2
103.04
102.87
102.71
102.55
102.39
102.23
102.06
101.9
101.74
101.58
101.42
101.26
101.1
100.94
100.78
100.62
100.46
100.3
100.14
99.982
99.823
99.665
99.506
99.348
99.19
99.032
98.874
98.717
98.56
98.402
98.246
98.089
97.932
97.776
97.62
97.464
97.308
97.152
96.997
96.842
96.687
96.532
96.377
96.223
96.068
95.914
95.76
95.607
95.453
95.3
95.147
94.994
94.841
94.688
94.536
94.384
94.232
94.08
93.928
93.777
93.626
93.475
93.324
93.173
93.023
92.872
92.722
92.572
92.422
92.273
92.124
91.974
91.825
91.677
91.528
91.38
91.231
91.083
90.936
90.788
90.64
90.493
90.346
90.199
90.052
89.906
89.76
89.613
89.467
89.322
89.176
89.031
88.886
88.741
88.596
88.451
88.307
88.162
88.018
87.874
87.731
87.587
87.444
87.301
87.158
87.015
86.873
86.73
86.588
86.446
86.304
86.163
86.021
85.88
85.739
85.598
85.457
85.317
85.177
85.036
84.897
84.757
84.617
84.478
84.339
84.2
84.061
83.922
83.784
83.646
83.508
83.37
83.232
83.095
82.957
82.82
82.683
82.546
82.41
82.273
82.137
82.001
81.865
81.73
81.594
81.459
81.324
81.189
81.054
80.92
80.786
80.651
80.517
80.384
80.25
80.117
79.983
79.85
79.718
79.585
79.452
79.32
79.188
79.056
78.924
78.793
78.661
78.53
78.399
78.268
78.138
78.007
77.877
77.747
77.617
77.487
77.358
77.228
77.099
76.97
76.841
76.712
76.584
76.456
76.328
76.2
76.072
75.944
75.817
75.69
75.563
75.436
75.309
75.183
75.057
74.93
74.805
74.679
74.553
74.428
74.303
74.178
74.053
73.928
73.804
73.679
73.555
73.431
73.307
73.184
73.06
72.937
72.814
72.691
72.569
72.446
72.324
72.201
72.079
71.958
71.836
71.715
71.593
71.472
71.351
71.23
71.11
70.989
70.869
70.749
70.629
70.51
70.39
70.271
70.152
70.033
69.914
69.795
69.677
69.558
69.44
69.322
69.204
69.087
68.969
68.852
68.735
68.618
68.501
68.385
68.268
68.152
68.036
67.92
67.805
67.689
67.574
67.458
67.343
67.229
67.114
66.999
66.885
66.771
66.657
66.543
66.429
66.316
66.203
66.09
65.977
65.864
65.751
65.639
65.526
65.414
65.302
65.191
65.079
64.967
64.856
64.745
64.634
64.523
64.413
64.302
64.192
64.082
63.972
63.862
63.753
63.643
63.534
63.425
63.316
63.207
63.098
62.99
62.882
62.774
62.666
62.558
62.45
62.343
62.235
62.128
62.021
61.915
61.808
61.701
61.595
61.489
61.383
61.277
61.172
61.066
60.961
60.856
60.751
60.646
60.541
60.436
60.332
60.228
60.124
60.02
59.916
59.813
59.709
59.606
59.503
59.4
59.297
59.195
59.092
58.99
58.888
58.786
58.684
58.582
58.481
58.38
58.278
58.177
58.077
57.976
57.875
57.775
57.675
57.575
57.475
57.375
57.275
57.176
57.077
56.977
56.878
56.78
56.681
56.582
56.484
56.386
56.288
56.19
56.092
55.995
55.897
55.8
55.703
55.606
55.509
55.412
55.316
55.219
55.123
55.027
54.931
54.835
54.74
54.644
54.549
54.454
54.359
54.264
54.169
54.075
53.98
53.886
53.792
53.698
53.604
53.511
53.417
53.324
53.231
53.137
53.045
52.952
52.859
52.767
52.674
52.582
52.49
52.398
52.307
52.215
52.124
52.032
51.941
51.85
51.759
51.669
51.578
51.488
51.397
51.307
51.217
51.127
51.038
50.948
50.859
50.769
50.68
50.591
50.503
50.414
50.325
50.237
50.149
50.061
49.973
49.885
49.797
49.709
49.622
49.535
49.448
49.361
49.274
49.187
49.101
49.014
48.928
48.842
48.756
48.67
48.584
48.499
48.413
48.328
48.243
48.158
48.073
47.988
47.903
47.819
47.735
47.65
47.566
47.482
47.399
47.315
47.231
47.148
47.065
46.982
46.899
46.816
46.733
46.651
46.568
46.486
46.404
46.322
46.24
46.158
46.076
45.995
45.914
45.832
45.751
45.67
45.589
45.509
45.428
45.348
45.268
45.187
45.107
45.027
44.948
44.868
44.789
44.709
44.63
44.551
44.472
44.393
44.314
44.236
44.157
44.079
44.001
43.923
43.845
43.767
43.689
43.612
43.534
43.457
43.38
43.303
43.226
43.149
43.072
42.996
42.919
42.843
42.767
42.691
42.615
42.539
42.464
42.388
42.313
42.237
42.162
42.087
42.012
41.938
41.863
41.788
41.714
41.64
41.566
41.492
41.418
41.344
41.27
41.197
41.123
41.05
40.977
40.904
40.831
40.758
40.685
40.613
40.54
40.468
40.396
40.324
40.252
40.18
40.108
40.037
39.965
39.894
39.823
39.751
39.681
39.61
39.539
39.468
39.398
39.327
39.257
39.187
39.117
39.047
38.977
38.907
38.838
38.768
38.699
38.63
38.561
38.492
38.423
38.354
38.285
38.217
38.149
38.08
38.012
37.944
37.876
37.808
37.741
37.673
37.605
37.538
37.471
37.404
37.337
37.27
37.203
37.136
37.07
37.003
36.937
36.871
36.804
36.738
36.672
36.607
36.541
36.475
36.41
36.345
36.279
36.214
36.149
36.084
36.02
35.955
35.89
35.826
35.761
35.697
35.633
35.569
35.505
35.441
35.378
35.314
35.251
35.187
35.124
35.061
34.998
34.935
34.872
34.809
34.747
34.684
34.622
34.559
34.497
34.435
34.373
34.311
34.249
34.188
34.126
34.065
34.003
33.942
33.881
33.82
33.759
33.698
33.637
33.577
33.516
33.456
33.396
33.335
33.275
33.215
33.155
33.096
33.036
32.976
32.917
32.857
32.798
32.739
32.68
32.621
32.562
32.503
32.445
32.386
32.328
32.269
32.211
32.153
32.095
32.037
31.979
31.921
31.863
31.806
31.748
31.691
31.634
31.577
31.519
31.462
31.406
31.349
31.292
31.236
31.179
31.123
31.066
31.01
30.954
30.898
30.842
30.786
30.731
30.675
30.62
30.564
30.509
