500
499.98
499.9
499.78
499.62
499.42
499.18
498.89
498.57
498.22
497.83
497.41
496.96
496.48
495.96
495.42
494.86
494.27
493.65
493.01
492.35
491.66
490.95
490.23
489.48
488.71
487.93
487.12
486.31
485.47
484.62
483.75
482.87
481.97
481.06
480.14
479.2
478.25
477.29
476.32
475.33
474.34
473.33
472.32
471.3
470.26
469.22
468.17
467.11
466.04
464.97
463.89
462.8
461.7
460.6
459.49
458.37
457.25
456.13
455
453.86
452.72
451.57
450.42
449.26
448.1
446.94
445.77
444.6
443.43
442.25
441.07
439.88
438.7
437.51
436.31
435.12
433.92
432.72
431.52
430.32
429.12
427.91
426.7
425.5
424.29
423.07
421.86
420.65
419.44
418.22
417.01
415.79
414.57
413.36
412.14
410.92
409.7
408.49
407.27
406.05
404.84
403.62
402.4
401.19
399.97
398.76
397.54
396.33
395.12
393.9
392.69
391.48
390.27
389.06
387.86
386.65
385.44
384.24
383.04
381.84
380.64
379.44
378.24
377.05
375.85
374.66
373.47
372.28
371.09
369.91
368.72
367.54
366.36
365.18
364
362.83
361.66
360.49
359.32
358.15
356.99
355.82
354.66
353.5
352.35
351.19
350.04
348.89
347.75
346.6
345.46
344.32
343.18
342.05
340.91
339.78
338.65
337.53
336.41
335.28
334.17
333.05
331.94
330.83
329.72
328.61
327.51
326.41
325.31
324.22
323.12
322.03
320.95
319.86
318.78
317.7
316.63
315.55
314.48
313.41
312.35
311.28
310.22
309.17
308.11
307.06
306.01
304.97
303.92
302.88
301.85
300.81
299.78
298.75
297.72
296.7
295.68
294.66
293.65
292.63
291.62
290.62
289.61
288.61
287.61
286.62
285.63
284.64
283.65
282.67
281.69
280.71
279.73
278.76
277.79
276.83
275.86
274.9
273.94
272.99
272.04
271.09
270.14
269.2
268.26
267.32
266.38
265.45
264.52
263.6
262.67
261.75
260.83
259.92
259.01
258.1
257.19
256.29
255.39
254.49
253.59
252.7
251.81
250.93
250.04
249.16
248.28
247.41
246.54
245.67
244.8
243.94
243.07
242.22
241.36
240.51
239.66
238.81
237.97
237.12
236.28
235.45
234.61
233.78
232.96
232.13
231.31
230.49
229.67
228.86
228.04
227.24
226.43
225.63
224.82
224.03
223.23
222.44
221.65
220.86
220.08
219.29
218.51
217.74
216.96
216.19
215.42
214.65
213.89
213.13
212.37
211.62
210.86
210.11
209.36
208.62
207.87
207.13
206.4
205.66
204.93
204.2
203.47
202.74
202.02
201.3
200.58
199.87
199.15
198.44
197.74
197.03
196.33
195.63
194.93
194.23
193.54
192.85
192.16
191.48
190.79
190.11
189.43
188.76
188.08
187.41
186.74
186.08
185.41
184.75
184.09
183.43
182.78
182.13
181.48
180.83
180.18
179.54
178.9
178.26
177.62
176.99
176.36
175.73
175.1
174.47
173.85
173.23
172.61
172
171.38
170.77
170.16
169.55
168.95
168.35
167.75
167.15
166.55
165.96
165.36
164.77
164.19
163.6
163.02
162.44
161.86
161.28
160.7
160.13
159.56
158.99
158.42
157.86
157.3
156.74
156.18
155.62
155.07
154.51
153.96
153.42
152.87
152.32
151.78
151.24
150.7
150.17
149.63
149.1
148.57
148.04
147.51
146.99
146.47
145.95
145.43
144.91
144.39
143.88
143.37
142.86
142.35
141.85
141.34
140.84
140.34
139.84
139.35
138.85
138.36
137.87
137.38
136.89
136.41
135.92
135.44
134.96
134.48
134.01
133.53
133.06
132.59
132.12
131.65
131.18
130.72
130.26
129.8
129.34
128.88
128.42
127.97
127.52
127.07
126.62
126.17
125.73
125.28
124.84
124.4
123.96
123.52
123.09
122.65
122.22
121.79
121.36
120.93
120.51
120.08
119.66
119.24
118.82
118.4
117.98
117.57
117.16
116.74
116.33
115.93
115.52
115.11
114.71
114.31
113.91
113.51
113.11
112.71
112.32
111.92
111.53
111.14
110.75
110.36
109.98
109.59
109.21
108.83
108.45
108.07
107.69
107.31
106.94
106.56
106.19
105.82
105.45
105.09
104.72
104.35
103.99
103.63
103.27
102.91
102.55
102.19
101.84
101.48
101.13
100.78
100.43
100.08
99.733
99.387
99.042
98.698
98.356
98.015
97.675
97.337
97
96.664
96.329
95.996
95.664
95.333
95.004
94.676
94.348
94.023
93.698
93.375
93.053
92.732
92.412
92.094
91.776
91.46
91.145
90.832
90.519
90.208
89.898
89.589
89.281
88.974
88.669
88.365
88.062
87.76
87.459
87.159
86.86
86.563
86.267
85.971
85.677
85.384
85.093
84.802
84.512
84.224
83.936
83.65
83.364
83.08
82.797
82.515
82.234
81.954
81.675
81.398
81.121
80.845
80.57
80.297
80.024
79.753
79.482
79.213
78.944
78.677
78.41
78.145
77.881
77.617
77.355
77.093
76.833
76.573
76.315
76.058
75.801
75.546
75.291
75.037
74.785
74.533
74.282
74.033
73.784
73.536
73.289
73.043
72.798
72.554
72.31
72.068
71.827
71.586
71.347
71.108
70.87
70.634
70.398
70.163
69.928
69.695
69.463
69.231
69.001
68.771
68.542
68.314
68.087
67.86
67.635
67.41
67.187
66.964
66.742
66.52
66.3
66.081
65.862
65.644
65.427
65.211
64.995
64.781
64.567
64.354
64.142
63.93
63.72
63.51
63.301
63.093
62.885
62.679
62.473
62.268
62.064
61.86
61.657
61.455
61.254
61.054
60.854
60.655
60.457
60.259
60.063
59.867
59.671
59.477
59.283
59.09
58.898
58.706
58.516
58.325
58.136
57.947
57.759
57.572
57.386
57.2
57.015
56.83
56.646
56.463
56.281
56.099
55.918
55.738
55.558
55.379
55.201
55.023
54.846
54.67
54.494
54.319
54.145
53.972
53.799
53.626
53.454
53.283
53.113
52.943
52.774
52.606
52.438
52.271
52.104
51.938
51.773
51.608
51.444
51.28
51.117
50.955
50.794
50.632
50.472
50.312
50.153
49.994
49.836
49.679
49.522
49.366
49.21
49.055
48.9
48.746
48.593
48.44
48.288
48.136
47.985
47.835
47.685
47.535
47.387
47.238
47.091
46.943
46.797
46.651
46.505
46.36
46.216
46.072
45.929
45.786
45.643
45.502
45.36
45.22
45.08
44.94
44.801
44.662
44.524
44.386
44.249
44.113
43.977
43.841
43.706
43.572
43.438
43.304
43.171
43.039
42.907
42.775
42.644
42.513
42.383
42.254
42.125
41.996
41.868
41.74
41.613
41.486
41.36
41.234
41.109
40.984
40.859
40.736
40.612
40.489
40.366
40.244
40.123
40.001
39.881
39.76
39.641
39.521
39.402
39.284
39.166
39.048
38.931
38.814
38.698
38.582
38.466
38.351
38.236
38.122
38.008
37.895
37.782
37.67
37.557
37.446
37.334
37.224
37.113
37.003
36.893
36.784
36.675
36.567
36.459
36.351
36.244
36.137
36.03
35.924
35.819
35.713
35.608
35.504
35.4
35.296
35.193
35.09
34.987
34.885
34.783
34.682
34.58
34.48
34.379
34.279
34.18
34.08
33.981
33.883
33.785
33.687
33.589
33.492
33.396
33.299
33.203
33.107
33.012
32.917
32.822
32.728
32.634
32.541
32.447
32.354
32.262
32.17
32.078
31.986
31.895
31.804
31.713
31.623
31.533
31.444
31.354
31.265
31.177
31.089
31.001
30.913
30.826
30.739
30.652
30.566
30.479
30.394
30.308
30.223
30.138
30.054
29.97
29.886
29.802
29.719
29.636
29.553
29.471
29.389
29.307
29.225
29.144
29.063
28.983
28.902
28.822
28.743
28.663
28.584
28.505
28.427
28.348
28.27
28.192
28.115
28.038
27.961
27.884
27.808
27.732
27.656
27.581
27.505
27.43
27.356
27.281
27.207
27.133
27.059
26.986
26.913
26.84
26.767
26.695
26.623
26.551
26.48
26.408
26.337
26.267
26.196
26.126
26.056
25.986
25.917
25.847
25.778
25.709
25.641
25.573
25.505
25.437
25.369
25.302
25.235
25.168
25.101
25.035
24.969
24.903
24.837
24.772
24.707
24.642
24.577
24.513
24.448
24.384
24.321
24.257
24.194
24.131
24.068
24.005
23.943
23.88
23.818
23.757
23.695
23.634
23.573
23.512
23.451
23.391
23.33
23.27
23.21
23.151
23.091
23.032
22.973
22.914
22.856
22.797
22.739
22.681
22.624
22.566
22.509
22.452
22.395
22.338
22.281
22.225
22.169
22.113
22.057
22.002
21.946
21.891
21.836
21.781
21.727
21.672
21.618
21.564
21.51
21.457
21.403
21.35
21.297
21.244
21.191
21.139
21.087
21.034
20.983
20.931
20.879
20.828
20.777
20.725
20.675
20.624
20.573
20.523
20.473
20.423
20.373
20.323
20.274
20.225
20.176
20.127
20.078
20.029
19.981
19.933
19.884
19.837
19.789
19.741
19.694
19.646
19.599
19.552
19.506
19.459
19.413
19.366
19.32
19.274
19.228
19.183
19.137
19.092
19.047
19.002
18.957
18.912
18.867
18.823
18.779
18.735
18.691
18.647
18.603
18.56
18.517
18.473
18.43
18.387
18.345
18.302
18.26
18.217
18.175
18.133
18.091
18.05
18.008
17.966
17.925
17.884
17.843
17.802
17.761
17.721
17.68
17.64
17.6
17.56
17.52
17.48
17.441
17.401
17.362
17.322
17.283
17.244
17.206
17.167
17.128
17.09
17.052
17.013
16.975
16.938
16.9
16.862
16.825
16.787
16.75
16.713
16.676
16.639
16.602
16.566
16.529
16.493
16.456
16.42
16.384
16.348
16.313
16.277
16.241
16.206
16.171
16.136
16.1
16.066
16.031
15.996
15.961
15.927
15.893
15.858
15.824
15.79
15.756
15.723
15.689
15.656
15.622
15.589
15.556
15.522
15.489
15.457
15.424
15.391
15.359
15.326
15.294
15.262
15.23
15.198
15.166
15.134
15.102
15.071
15.039
15.008
14.977
14.946
14.915
14.884
14.853
14.822
14.791
14.761
14.73
14.7
14.67
14.64
14.61
14.58
14.55
14.52
14.491
14.461
14.432
14.402
14.373
14.344
14.315
14.286
14.257
14.229
14.2
14.171
14.143
14.115
14.086
14.058
14.03
14.002
13.974
13.946
13.919
13.891
13.863
13.836
13.809
13.781
13.754
13.727
13.7
13.673
13.646
13.62
13.593
13.567
13.54
13.514
13.487
13.461
13.435
13.409
13.383
13.357
13.332
13.306
13.28
13.255
13.229
13.204
13.179
13.154
13.128
13.103
13.079
13.054
13.029
13.004
12.98
12.955
12.931
12.906
12.882
12.858
12.834
12.81
12.786
12.762
12.738
12.714
12.691
12.667
12.643
12.62
12.597
12.573
12.55
12.527
12.504
12.481
12.458
12.435
12.413
12.39
12.367
12.345
12.322
12.3
12.278
12.255
12.233
12.211
12.189
12.167
12.145
12.123
12.102
12.08
12.058
12.037
12.015
11.994
11.973
11.951
11.93
11.909
11.888
11.867
11.846
11.825
11.805
11.784
11.763
11.743
11.722
11.702
11.681
11.661
11.641
11.621
11.6
11.58
11.56
11.54
11.521
11.501
11.481
11.461
11.442
11.422
11.403
11.383
11.364
11.345
11.325
11.306
11.287
11.268
11.249
11.23
11.211
11.192
11.174
11.155
11.136
11.118
11.099
11.081
11.062
11.044
11.026
11.008
10.989
10.971
10.953
10.935
10.917
10.9
10.882
10.864
10.846
10.829
10.811
10.793
10.776
10.759
10.741
10.724
10.707
10.689
10.672
10.655
10.638
10.621
10.604
10.587
10.57
10.554
10.537
10.52
10.504
10.487
10.471
10.454
10.438
10.421
10.405
10.389
10.373
10.356
10.34
10.324
10.308
10.292
10.276
10.261
10.245
10.229
10.213
10.198
10.182
10.166
10.151
10.135
10.12
10.105
10.089
10.074
10.059
10.044
10.029
10.014
9.9985
9.9835
9.9686
9.9537
9.9388
9.924
9.9093
9.8946
9.8799
9.8653
9.8507
9.8362
9.8217
9.8073
9.7929
9.7786
9.7643
9.75
9.7358
9.7216
9.7075
9.6934
9.6794
9.6654
9.6514
9.6375
9.6237
9.6098
9.5961
9.5823
9.5686
9.555
9.5414
9.5278
9.5143
9.5008
9.4874
9.474
9.4606
9.4473
9.434
9.4208
9.4076
9.3944
9.3813
9.3682
9.3552
9.3422
9.3293
9.3163
9.3035
9.2906
9.2778
9.2651
9.2524
9.2397
9.227
9.2144
9.2019
9.1894
9.1769
9.1644
9.152
9.1396
9.1273
9.115
9.1028
9.0905
9.0784
9.0662
9.0541
9.042
9.03
9.018
9.006
8.9941
8.9822
8.9704
8.9586
8.9468
8.935
8.9233
8.9117
8.9
8.8884
8.8769
8.8653
8.8538
8.8424
8.8309
8.8195
8.8082
8.7969
8.7856
8.7743
8.7631
8.7519
8.7408
8.7296
8.7186
8.7075
8.6965
8.6855
8.6745
8.6636
8.6527
8.6419
8.6311
8.6203
8.6095
8.5988
8.5881
8.5775
8.5668
8.5562
8.5457
8.5351
8.5247
8.5142
8.5037
8.4933
8.483
8.4726
8.4623
8.452
8.4418
8.4316
8.4214
8.4112
8.4011
8.391
8.3809
8.3709
8.3609
8.3509
8.341
8.3311
8.3212
8.3113
8.3015
8.2917
8.2819
8.2722
8.2625
8.2528
8.2432
8.2335
8.2239
8.2144
8.2048
8.1953
8.1859
8.1764
8.167
8.1576
8.1482
8.1389
8.1296
8.1203
8.111
8.1018
8.0926
8.0834
8.0743
8.0652
8.0561
8.047
8.038
8.029
8.02
8.011
8.0021
7.9932
7.9843
7.9754
7.9666
7.9578
7.949
7.9403
7.9316
7.9229
7.9142
7.9056
7.8969
7.8883
7.8798
7.8712
7.8627
7.8542
7.8458
7.8373
7.8289
7.8205
7.8121
7.8038
7.7955
7.7872
7.7789
7.7707
7.7624
7.7542
7.7461
7.7379
7.7298
7.7217
7.7136
7.7056
7.6975
7.6895
7.6815
7.6736
7.6656
7.6577
7.6498
7.642
7.6341
7.6263
7.6185
7.6107
7.603
7.5953
7.5876
7.5799
7.5722
7.5646
7.557
7.5494
7.5418
7.5342
7.5267
7.5192
7.5117
7.5043
7.4968
7.4894
7.482
7.4746
7.4673
7.4599
7.4526
7.4453
7.4381
7.4308
7.4236
7.4164
7.4092
7.402
7.3949
7.3878
7.3807
7.3736
7.3665
7.3595
7.3525
7.3455
7.3385
7.3315
7.3246
7.3177
7.3108
7.3039
7.297
7.2902
7.2834
7.2766
7.2698
7.2631
7.2563
7.2496
7.2429
7.2362
7.2296
7.2229
7.2163
7.2097
7.2031
7.1965
7.19
7.1835
7.1769
7.1705
7.164
7.1575
7.1511
7.1447
7.1383
7.1319
7.1255
7.1192
7.1129
7.1066
7.1003
7.094
7.0878
7.0815
7.0753
7.0691
7.0629
7.0568
7.0506
7.0445
7.0384
7.0323
7.0262
7.0202
7.0141
7.0081
7.0021
6.9961
6.9901
6.9842
6.9782
6.9723
6.9664
6.9605
6.9547
6.9488
6.943
6.9372
6.9313
6.9256
6.9198
6.914
6.9083
6.9026
6.8969
6.8912
6.8855
6.8799
6.8742
6.8686
6.863
6.8574
6.8518
6.8463
6.8407
6.8352
6.8297
6.8242
6.8187
6.8133
6.8078
6.8024
6.797
6.7916
6.7862
6.7808
6.7754
6.7701
6.7648
6.7595
6.7542
6.7489
6.7436
6.7384
6.7331
6.7279
6.7227
6.7175
6.7123
6.7072
6.702
6.6969
6.6918
6.6867
6.6816
6.6765
6.6714
6.6664
6.6614
6.6563
6.6513
6.6463
6.6414
6.6364
6.6315
6.6265
6.6216
6.6167
6.6118
6.6069
6.6021
6.5972
6.5924
6.5876
6.5827
6.5779
6.5732
6.5684
6.5636
6.5589
6.5542
6.5495
6.5447
6.5401
6.5354
6.5307
6.5261
6.5214
6.5168
6.5122
6.5076
6.503
6.4984
6.4939
6.4893
6.4848
6.4803
6.4758
6.4713
6.4668
6.4623
6.4579
6.4534
6.449
6.4446
6.4402
6.4358
6.4314
6.427
6.4227
6.4183
6.414
6.4097
6.4053
6.401
6.3968
6.3925
6.3882
6.384
6.3797
6.3755
6.3713
6.3671
6.3629
6.3587
6.3546
6.3504
6.3462
6.3421
6.338
6.3339
6.3298
6.3257
6.3216
6.3176
6.3135
6.3095
6.3054
6.3014
6.2974
6.2934
6.2894
6.2854
6.2815
6.2775
6.2736
6.2697
6.2657
6.2618
6.2579
6.254
6.2502
6.2463
6.2424
6.2386
6.2348
6.2309
6.2271
6.2233
6.2195
6.2158
6.212
6.2082
6.2045
6.2007
6.197
6.1933
6.1896
6.1859
6.1822
6.1785
6.1749
6.1712
6.1676
6.1639
6.1603
6.1567
6.1531
6.1495
6.1459
6.1423
6.1387
6.1352
6.1316
6.1281
6.1246
6.1211
6.1176
6.1141
6.1106
6.1071
6.1036
6.1002
6.0967
6.0933
6.0898
6.0864
6.083
6.0796
6.0762
6.0728
6.0694
6.0661
6.0627
6.0594
6.056
6.0527
6.0494
6.0461
6.0428
6.0395
6.0362
6.0329
6.0297
6.0264
6.0232
6.0199
6.0167
6.0135
6.0103
6.0071
6.0039
6.0007
5.9975
5.9943
5.9912
5.988
5.9849
5.9818
5.9786
5.9755
5.9724
5.9693
5.9662
5.9631
5.9601
5.957
5.9539
5.9509
5.9479
5.9448
5.9418
5.9388
5.9358
5.9328
5.9298
5.9268
5.9238
5.9209
5.9179
5.915
5.912
5.9091
5.9062
5.9032
5.9003
5.8974
5.8945
5.8917
5.8888
5.8859
5.883
5.8802
5.8773
5.8745
5.8717
5.8689
5.866
5.8632
5.8604
5.8576
5.8549
5.8521
5.8493
5.8465
5.8438
5.841
5.8383
5.8356
5.8328
5.8301
5.8274
5.8247
5.822
5.8193
5.8167
5.814
5.8113
5.8087
5.806
5.8034
5.8007
5.7981
5.7955
5.7929
5.7902
5.7876
5.7851
5.7825
