100
99.637
99.275
98.915
98.555
98.197
97.841
97.486
97.132
96.779
96.428
96.077
95.729
95.381
95.035
94.69
94.346
94.003
93.662
93.322
92.983
92.646
92.309
91.974
91.64
91.308
90.976
90.646
90.317
89.989
89.662
89.337
89.012
88.689
88.367
88.047
87.727
87.409
87.091
86.775
86.46
86.147
85.834
85.522
85.212
84.903
84.594
84.287
83.982
83.677
83.373
83.071
82.769
82.469
82.169
81.871
81.574
81.278
80.983
80.689
80.397
80.105
79.814
79.524
79.236
78.948
78.662
78.377
78.092
77.809
77.527
77.245
76.965
76.686
76.408
76.13
75.854
75.579
75.305
75.032
74.759
74.488
74.218
73.949
73.68
73.413
73.147
72.882
72.617
72.354
72.091
71.83
71.569
71.31
71.051
70.793
70.537
70.281
70.026
69.772
69.519
69.267
69.016
68.765
68.516
68.267
68.02
67.773
67.527
67.283
67.039
66.795
66.553
66.312
66.072
65.832
65.593
65.355
65.118
64.882
64.647
64.413
64.179
63.946
63.715
63.484
63.254
63.024
62.796
62.568
62.341
62.115
61.89
61.666
61.442
61.219
60.998
60.776
60.556
60.337
60.118
59.9
59.683
59.467
59.251
59.036
58.822
58.609
58.397
58.185
57.974
57.764
57.555
57.346
57.138
56.931
56.725
56.52
56.315
56.111
55.907
55.705
55.503
55.302
55.101
54.902
54.703
54.505
54.307
54.111
53.914
53.719
53.525
53.331
53.137
52.945
52.753
52.562
52.372
52.182
51.993
51.805
51.617
51.43
51.244
51.058
50.873
50.689
50.505
50.322
50.14
49.959
49.778
49.597
49.418
49.239
49.06
48.883
48.706
48.529
48.354
48.179
48.004
47.83
47.657
47.485
47.313
47.141
46.971
46.801
46.631
46.462
46.294
46.126
45.959
45.793
45.627
45.462
45.298
45.134
44.97
44.807
44.645
44.484
44.323
44.162
44.002
43.843
43.684
43.526
43.369
43.212
43.055
42.9
42.744
42.59
42.436
42.282
42.129
41.977
41.825
41.673
41.522
41.372
41.223
41.073
40.925
40.777
40.629
40.482
40.336
40.19
40.044
39.9
39.755
39.611
39.468
39.325
39.183
39.041
38.9
38.759
38.619
38.48
38.34
38.202
38.064
37.926
37.789
37.652
37.516
37.38
37.245
37.11
36.976
36.842
36.709
36.576
36.444
36.312
36.181
36.05
35.92
35.79
35.661
35.532
35.403
35.275
35.148
35.021
34.894
34.768
34.642
34.517
34.392
34.268
34.144
34.021
33.898
33.775
33.653
33.531
33.41
33.29
33.169
33.049
32.93
32.811
32.692
32.574
32.457
32.339
32.222
32.106
31.99
31.874
31.759
31.644
31.53
31.416
31.303
31.19
31.077
30.965
30.853
30.741
30.63
30.52
30.409
30.3
30.19
30.081
29.973
29.864
29.756
29.649
29.542
29.435
29.329
29.223
29.117
29.012
28.908
28.803
28.699
28.596
28.492
28.389
28.287
28.185
28.083
27.982
27.881
27.78
27.68
27.58
27.48
27.381
27.282
27.184
27.086
26.988
26.89
26.793
26.697
26.6
26.504
26.409
26.313
26.218
26.124
26.03
25.936
25.842
25.749
25.656
25.563
25.471
25.379
25.288
25.196
25.106
25.015
24.925
24.835
24.745
24.656
24.567
24.478
24.39
24.302
24.215
24.127
24.04
23.953
23.867
23.781
23.695
23.61
23.525
23.44
23.355
23.271
23.187
23.104
23.02
22.937
22.855
22.772
22.69
22.608
22.527
22.446
22.365
22.284
22.204
22.124
22.044
21.965
21.885
21.807
21.728
21.65
21.572
21.494
21.417
21.339
21.262
21.186
21.11
21.033
20.958
20.882
20.807
20.732
20.657
20.583
20.509
20.435
20.361
20.288
20.215
20.142
20.07
19.997
19.925
19.854
19.782
19.711
19.64
19.569
19.499
19.428
19.358
19.289
19.219
19.15
19.081
19.013
18.944
18.876
18.808
18.74
18.673
18.606
18.539
18.472
18.405
18.339
18.273
18.207
18.142
18.077
18.012
17.947
17.882
17.818
17.754
17.69
17.626
17.563
17.5
17.437
17.374
17.312
17.249
17.187
17.125
17.064
17.002
16.941
16.88
16.82
16.759
16.699
16.639
16.579
16.519
16.46
16.401
16.342
16.283
16.225
16.166
16.108
16.05
15.993
15.935
15.878
15.821
15.764
15.707
15.651
15.595
15.539
15.483
15.427
15.372
15.316
15.261
15.207
15.152
15.098
15.043
14.989
14.935
14.882
14.828
14.775
14.722
14.669
14.616
14.564
14.512
14.46
14.408
14.356
14.304
14.253
14.202
14.151
14.1
14.049
13.999
13.949
13.899
13.849
13.799
13.75
13.7
13.651
13.602
13.553
13.505
13.456
13.408
13.36
13.312
13.264
13.217
13.169
13.122
13.075
13.028
12.981
12.935
12.888
12.842
12.796
12.75
12.704
12.659
12.613
12.568
12.523
12.478
12.434
12.389
12.345
12.3
12.256
12.212
12.168
12.125
12.081
12.038
11.995
11.952
11.909
11.867
11.824
11.782
11.739
11.697
11.655
11.614
11.572
11.531
11.489
11.448
11.407
11.366
11.326
11.285
11.245
11.204
11.164
11.124
11.084
11.045
11.005
10.966
10.927
10.888
10.849
10.81
10.771
10.732
10.694
10.656
10.618
10.58
10.542
10.504
10.467
10.429
10.392
10.355
10.318
10.281
10.244
10.207
10.171
10.134
10.098
10.062
10.026
9.9902
9.9545
9.9189
9.8834
9.8481
9.8129
9.7778
9.7429
9.7081
9.6734
9.6388
9.6043
9.57
9.5358
9.5018
9.4678
9.434
9.4003
9.3667
9.3332
9.2999
9.2667
9.2336
9.2006
9.1677
9.135
9.1024
9.0699
9.0375
9.0052
8.9731
8.941
8.9091
8.8773
8.8456
8.8141
8.7826
8.7512
8.72
8.6889
8.6579
8.627
8.5962
8.5655
8.535
8.5045
8.4742
8.444
8.4139
8.3838
8.3539
8.3241
8.2945
8.2649
8.2354
8.206
8.1768
8.1476
8.1186
8.0896
8.0608
8.0321
8.0034
7.9749
7.9465
7.9182
7.89
7.8618
7.8338
7.8059
7.7781
7.7504
7.7228
7.6953
7.6679
7.6406
7.6134
7.5862
7.5592
7.5323
7.5055
7.4788
7.4521
7.4256
7.3992
7.3728
7.3466
7.3204
7.2944
7.2684
7.2426
7.2168
7.1911
7.1655
7.14
7.1146
7.0893
7.0641
7.039
7.0139
6.989
6.9641
6.9394
6.9147
6.8901
6.8656
6.8412
6.8169
6.7926
6.7685
6.7444
6.7205
6.6966
6.6728
6.6491
6.6255
6.6019
6.5785
6.5551
6.5318
6.5086
6.4855
6.4624
6.4395
6.4166
6.3938
6.3711
6.3485
6.326
6.3035
6.2811
6.2588
6.2366
6.2145
6.1924
6.1705
6.1486
6.1267
6.105
6.0833
6.0618
6.0403
6.0188
5.9975
5.9762
5.955
5.9339
5.9129
5.8919
5.871
5.8502
5.8295
5.8088
5.7882
5.7677
5.7472
5.7269
5.7066
5.6864
5.6662
5.6461
5.6261
5.6062
5.5864
5.5666
5.5469
5.5272
5.5076
5.4881
5.4687
5.4493
5.4301
5.4108
5.3917
5.3726
5.3536
5.3346
5.3158
5.297
5.2782
5.2595
5.2409
5.2224
5.2039
5.1855
5.1672
5.1489
5.1307
5.1126
5.0945
5.0765
5.0585
5.0407
5.0228
5.0051
4.9874
4.9698
4.9522
4.9347
4.9173
4.8999
4.8826
4.8654
4.8482
4.8311
4.814
4.797
4.7801
4.7632
4.7464
4.7296
4.7129
4.6963
4.6797
4.6632
4.6468
4.6304
4.614
4.5978
4.5815
4.5654
4.5493
4.5332
4.5173
4.5013
4.4855
4.4697
4.4539
4.4382
4.4226
4.407
4.3914
4.376
4.3606
4.3452
4.3299
4.3146
4.2994
4.2843
4.2692
4.2542
4.2392
4.2243
4.2094
4.1946
4.1798
4.1651
4.1505
4.1359
4.1213
4.1068
4.0924
4.078
4.0636
4.0493
4.0351
4.0209
4.0068
3.9927
3.9786
3.9647
3.9507
3.9368
3.923
3.9092
3.8955
3.8818
3.8682
3.8546
3.841
3.8276
3.8141
3.8007
3.7874
3.7741
3.7608
3.7476
3.7345
3.7214
3.7083
3.6953
3.6823
3.6694
3.6566
3.6437
3.631
3.6182
3.6055
3.5929
3.5803
3.5678
3.5552
3.5428
3.5304
3.518
3.5057
3.4934
3.4812
3.469
3.4568
3.4447
3.4327
3.4206
3.4087
3.3967
3.3848
3.373
3.3612
3.3494
3.3377
3.326
3.3144
3.3028
3.2913
3.2797
3.2683
3.2569
3.2455
3.2341
3.2228
3.2116
3.2003
3.1892
3.178
3.1669
3.1558
3.1448
3.1338
3.1229
3.112
3.1011
3.0903
3.0795
3.0688
3.0581
3.0474
3.0368
3.0262
3.0156
3.0051
2.9946
2.9842
2.9738
2.9634
2.9531
2.9428
2.9325
2.9223
2.9121
2.902
2.8919
2.8818
2.8718
2.8618
2.8518
2.8419
2.832
2.8221
2.8123
2.8025
2.7927
2.783
2.7734
2.7637
2.7541
2.7445
2.735
2.7255
2.716
2.7065
2.6971
2.6878
2.6784
2.6691
2.6598
2.6506
2.6414
2.6322
2.6231
2.614
2.6049
2.5959
2.5869
2.5779
2.5689
2.56
2.5511
2.5423
2.5335
2.5247
2.5159
2.5072
2.4985
2.4899
2.4812
2.4726
2.4641
2.4555
2.447
2.4385
2.4301
2.4217
2.4133
2.405
2.3966
2.3883
2.3801
2.3718
2.3636
2.3555
2.3473
2.3392
2.3311
2.323
2.315
2.307
2.299
2.2911
2.2832
2.2753
2.2674
2.2596
2.2518
2.244
2.2363
2.2285
2.2209
2.2132
2.2056
2.1979
2.1904
2.1828
2.1753
2.1678
2.1603
2.1529
2.1454
2.138
2.1307
2.1233
2.116
2.1087
2.1015
2.0942
2.087
2.0798
2.0727
2.0655
2.0584
2.0514
2.0443
2.0373
2.0303
2.0233
2.0163
2.0094
2.0025
1.9956
1.9887
1.9819
1.9751
1.9683
1.9616
1.9548
1.9481
1.9414
1.9348
1.9281
1.9215
1.9149
1.9084
1.9018
1.8953
1.8888
1.8823
1.8759
1.8694
1.863
1.8566
1.8503
1.8439
1.8376
1.8313
1.8251
1.8188
1.8126
1.8064
1.8002
1.7941
1.7879
1.7818
1.7757
1.7696
1.7636
1.7576
1.7516
1.7456
1.7396
1.7337
1.7278
1.7219
1.716
1.7101
1.7043
1.6985
1.6927
1.6869
1.6811
1.6754
1.6697
1.664
1.6583
1.6527
1.6471
1.6414
1.6358
1.6303
1.6247
1.6192
1.6137
1.6082
1.6027
1.5973
1.5918
1.5864
1.581
1.5756
1.5703
1.565
1.5596
1.5543
1.5491
1.5438
1.5386
1.5333
1.5281
1.5229
1.5178
1.5126
1.5075
1.5024
1.4973
1.4922
1.4871
1.4821
1.4771
1.4721
1.4671
1.4621
1.4572
1.4522
1.4473
1.4424
1.4375
1.4327
1.4278
1.423
1.4182
1.4134
1.4086
1.4039
1.3991
1.3944
1.3897
1.385
1.3803
1.3756
1.371
1.3664
1.3618
1.3572
1.3526
1.348
1.3435
1.339
1.3345
1.33
1.3255
1.321
1.3166
1.3121
1.3077
1.3033
1.2989
1.2946
1.2902
1.2859
1.2815
1.2772
1.2729
1.2687
1.2644
1.2601
1.2559
1.2517
1.2475
1.2433
1.2391
1.235
1.2308
1.2267
1.2226
1.2185
1.2144
1.2103
1.2063
1.2022
1.1982
1.1942
1.1902
1.1862
1.1823
1.1783
1.1744
1.1704
1.1665
1.1626
1.1587
1.1549
1.151
1.1472
1.1433
1.1395
1.1357
1.1319
1.1281
1.1244
1.1206
1.1169
1.1132
1.1095
1.1058
1.1021
1.0984
1.0947
1.0911
1.0875
1.0838
1.0802
1.0766
1.0731
1.0695
1.0659
1.0624
1.0589
1.0554
1.0518
1.0484
1.0449
1.0414
1.0379
1.0345
1.0311
1.0277
1.0242
1.0209
1.0175
1.0141
1.0107
1.0074
1.0041
1.0007
0.99742
0.99412
0.99083
0.98755
0.98429
0.98103
0.97779
0.97456
0.97134
0.96813
0.96494
0.96175
0.95858
0.95541
0.95226
0.94912
0.94599
0.94287
0.93977
0.93667
0.93359
0.93051
0.92745
0.9244
0.92135
0.91832
0.9153
0.91229
0.90929
0.9063
0.90333
0.90036
0.8974
0.89445
0.89152
0.88859
0.88568
0.88277
0.87988
0.87699
0.87412
0.87125
0.8684
0.86555
0.86272
0.85989
0.85708
0.85428
0.85148
0.8487
0.84592
0.84316
0.8404
0.83766
0.83492
0.83219
0.82948
0.82677
0.82407
0.82138
0.81871
0.81604
0.81338
0.81073
0.80809
0.80545
0.80283
0.80022
0.79761
0.79502
0.79243
0.78986
0.78729
0.78473
0.78218
0.77964
0.77711
0.77459
0.77207
0.76957
0.76707
0.76458
0.76211
0.75964
0.75717
0.75472
0.75228
0.74984
0.74742
0.745
0.74259
0.74019
0.73779
0.73541
0.73303
0.73067
0.72831
0.72595
0.72361
0.72128
0.71895
0.71663
0.71432
0.71202
0.70973
0.70744
0.70516
0.70289
0.70063
0.69838
0.69613
0.69389
0.69166
0.68944
0.68722
0.68502
0.68282
0.68063
0.67844
0.67627
0.6741
0.67194
0.66978
0.66764
0.6655
0.66337
0.66124
0.65913
0.65702
0.65492
0.65282
0.65074
0.64866
0.64659
0.64452
0.64246
0.64041
0.63837
0.63634
0.63431
0.63228
0.63027
0.62826
0.62626
0.62427
0.62228
0.6203
0.61833
0.61636
0.6144
0.61245
0.61051
0.60857
0.60664
0.60471
0.60279
0.60088
0.59898
0.59708
0.59519
0.5933
0.59142
0.58955
0.58769
0.58583
0.58397
0.58213
0.58029
0.57846
0.57663
0.57481
0.57299
0.57119
0.56939
0.56759
0.5658
0.56402
0.56224
0.56047
0.55871
0.55695
0.5552
0.55345
0.55171
0.54998
0.54825
0.54653
0.54482
0.54311
0.5414
0.5397
0.53801
0.53633
0.53465
0.53297
0.5313
0.52964
0.52798
0.52633
0.52469
0.52305
0.52142
0.51979
0.51816
0.51655
0.51494
0.51333
0.51173
0.51014
0.50855
0.50696
0.50539
0.50381
0.50225
0.50068
0.49913
0.49758
0.49603
0.49449
0.49296
0.49143
0.4899
0.48838
0.48687
0.48536
0.48386
0.48236
0.48087
0.47938
0.4779
0.47642
0.47495
0.47348
0.47202
0.47056
0.46911
0.46766
0.46622
0.46479
0.46335
0.46193
0.4605
0.45909
0.45767
0.45627
0.45487
0.45347
0.45207
0.45069
0.4493
0.44793
0.44655
0.44518
0.44382
0.44246
0.4411
0.43975
0.43841
0.43707
0.43573
0.4344
0.43307
0.43175
0.43043
0.42912
0.42781
0.42651
0.42521
0.42391
0.42262
0.42133
0.42005
0.41877
0.4175
0.41623
0.41497
0.41371
0.41245
0.4112
0.40995
0.40871
0.40747
0.40624
0.40501
0.40378
0.40256
0.40134
0.40013
0.39892
0.39772
0.39651
0.39532
0.39413
0.39294
0.39175
0.39057
0.3894
0.38822
0.38706
0.38589
0.38473
0.38357
0.38242
0.38127
0.38013
0.37899
0.37785
0.37672
0.37559
0.37447
0.37335
0.37223
0.37111
0.37001
0.3689
0.3678
0.3667
0.3656
0.36451
0.36343
0.36234
0.36126
0.36019
0.35912
0.35805
0.35698
0.35592
0.35486
0.35381
0.35276
0.35171
0.35067
0.34963
0.34859
0.34756
0.34653
0.34551
0.34448
0.34346
0.34245
0.34144
0.34043
0.33942
0.33842
0.33743
0.33643
0.33544
0.33445
0.33347
0.33249
0.33151
0.33053
0.32956
0.32859
0.32763
0.32667
0.32571
0.32476
0.3238
0.32286
0.32191
0.32097
0.32003
0.3191
0.31816
0.31723
0.31631
0.31539
0.31447
0.31355
0.31264
0.31173
0.31082
0.30991
0.30901
0.30811
0.30722
0.30633
0.30544
0.30455
0.30367
0.30279
0.30191
0.30104
0.30017
0.2993
0.29843
0.29757
0.29671
0.29586
0.295
0.29415
0.2933
0.29246
0.29162
0.29078
0.28994
0.28911
0.28828
0.28745
0.28662
0.2858
0.28498
0.28416
0.28335
0.28254
0.28173
0.28092
0.28012
0.27932
0.27852
0.27773
0.27693
0.27614
0.27536
0.27457
0.27379
0.27301
0.27224
0.27146
0.27069
0.26992
0.26915
0.26839
0.26763
0.26687
0.26612
0.26536
0.26461
0.26386
0.26312
0.26237
0.26163
0.26089
0.26016
0.25942
0.25869
0.25796
0.25724
0.25651
0.25579
0.25507
0.25436
0.25364
0.25293
0.25222
0.25152
0.25081
0.25011
0.24941
0.24871
0.24802
0.24732
0.24663
0.24594
0.24526
0.24457
0.24389
0.24321
0.24254
0.24186
0.24119
0.24052
0.23985
0.23919
0.23852
0.23786
0.2372
0.23655
0.23589
0.23524
0.23459
0.23394
0.23329
0.23265
0.23201
0.23137
0.23073
0.23009
0.22946
0.22883
0.2282
0.22757
0.22695
0.22633
0.22571
0.22509
0.22447
0.22386
0.22324
0.22263
0.22202
0.22142
0.22081
0.22021
0.21961
0.21901
0.21841
0.21782
0.21723
0.21664
0.21605
0.21546
0.21488
0.21429
0.21371
0.21313
0.21256
0.21198
0.21141
0.21084
0.21027
0.2097
0.20913
0.20857
0.20801
0.20745
0.20689
0.20633
0.20578
0.20522
0.20467
0.20412
0.20357
0.20303
0.20248
0.20194
0.2014
0.20086
0.20033
0.19979
0.19926
0.19873
0.1982
0.19767
0.19714
0.19662
0.19609
0.19557
0.19505
0.19454
0.19402
0.1935
0.19299
0.19248
0.19197
0.19146
0.19096
0.19045
0.18995
0.18945
0.18895
0.18845
0.18796
0.18746
0.18697
0.18648
0.18599
0.1855
0.18501
0.18453
0.18404
0.18356
0.18308
0.1826
0.18212
0.18165
0.18117
0.1807
0.18023
0.17976
0.17929
0.17883
0.17836
0.1779
0.17744
0.17697
0.17652
0.17606
0.1756
0.17515
0.17469
0.17424
0.17379
0.17334
0.1729
0.17245
0.17201
0.17156
0.17112
0.17068
0.17024
0.16981
0.16937
0.16894
0.1685
0.16807
0.16764
0.16721
0.16678
0.16636
0.16593
0.16551
0.16509
0.16467
0.16425
0.16383
0.16341
0.163
0.16258
0.16217
0.16176
0.16135
0.16094
0.16053
0.16013
0.15972
0.15932
0.15892
0.15852
0.15812
0.15772
0.15732
0.15692
0.15653
0.15614
0.15574
0.15535
0.15496
0.15458
0.15419
0.1538
0.15342
0.15303
0.15265
0.15227
0.15189
0.15151
0.15114
0.15076
0.15038
0.15001
0.14964
0.14927
0.1489
0.14853
0.14816
0.14779
0.14743
0.14706
0.1467
0.14634
0.14598
0.14562
0.14526
0.1449
0.14455
0.14419
0.14384
0.14348
0.14313
0.14278
0.14243
0.14208
0.14173
0.14139
0.14104
0.1407
0.14036
0.14001
0.13967
0.13933
0.13899
0.13866
0.13832
0.13798
0.13765
0.13732
0.13698
0.13665
0.13632
0.13599
0.13566
0.13534
0.13501
0.13468
0.13436
0.13404
0.13371
0.13339
0.13307
0.13275
0.13244
0.13212
0.1318
0.13149
0.13117
0.13086
0.13055
0.13024
0.12993
0.12962
