500
500
500
500
500
500
500
499.99
499.99
499.99
499.98
499.98
499.97
499.97
499.96
499.95
499.94
499.93
499.91
499.9
499.88
499.86
499.84
499.82
499.8
499.77
499.74
499.71
499.68
499.65
499.61
499.57
499.53
499.48
499.44
499.39
499.34
499.28
499.22
499.16
499.1
499.03
498.96
498.89
498.82
498.74
498.66
498.57
498.48
498.39
498.3
498.2
498.09
497.99
497.88
497.77
497.65
497.53
497.41
497.28
497.15
497.01
496.88
496.73
496.59
496.44
496.28
496.12
495.96
495.79
495.62
495.45
495.27
495.09
494.9
494.71
494.52
494.32
494.11
493.91
493.7
493.48
493.26
493.04
492.81
492.57
492.34
492.1
491.85
491.6
491.35
491.09
490.83
490.56
490.29
490.01
489.73
489.45
489.16
488.87
488.57
488.27
487.96
487.65
487.34
487.02
486.7
486.37
486.04
485.7
485.36
485.02
484.67
484.32
483.96
483.6
483.23
482.87
482.49
482.11
481.73
481.35
480.96
480.56
480.16
479.76
479.36
478.95
478.53
478.11
477.69
477.26
476.83
476.4
475.96
475.52
475.07
474.62
474.17
473.71
473.25
472.79
472.32
471.85
471.37
470.89
470.41
469.92
469.43
468.94
468.44
467.94
467.43
466.92
466.41
465.9
465.38
464.86
464.33
463.8
463.27
462.73
462.19
461.65
461.11
460.56
460.01
459.45
458.89
458.33
457.77
457.2
456.63
456.06
455.48
454.9
454.32
453.73
453.15
452.55
451.96
451.36
450.77
450.16
449.56
448.95
448.34
447.73
447.11
446.5
445.87
445.25
444.63
444
443.37
442.74
442.1
441.46
440.82
440.18
439.54
438.89
438.24
437.59
436.93
436.28
435.62
434.96
434.3
433.63
432.97
432.3
431.63
430.96
430.28
429.61
428.93
428.25
427.57
426.89
426.2
425.51
424.83
424.14
423.44
422.75
422.05
421.36
420.66
419.96
419.26
418.55
417.85
417.14
416.44
415.73
415.02
414.31
413.59
412.88
412.16
411.45
410.73
410.01
409.29
408.57
407.84
407.12
406.4
405.67
404.94
404.21
403.48
402.75
402.02
401.29
400.56
399.82
399.09
398.35
397.61
396.88
396.14
395.4
394.66
393.92
393.18
392.43
391.69
390.95
390.2
389.46
388.71
387.97
387.22
386.47
385.73
384.98
384.23
383.48
382.73
381.98
381.23
380.48
379.73
378.98
378.22
377.47
376.72
375.96
375.21
374.46
373.7
372.95
372.2
371.44
370.69
369.93
369.18
368.42
367.67
366.91
366.15
365.4
364.64
363.89
363.13
362.38
361.62
360.87
360.11
359.35
358.6
357.84
357.09
356.33
355.58
354.82
354.07
353.31
352.56
351.8
351.05
350.3
349.54
348.79
348.04
347.28
346.53
345.78
345.03
344.27
343.52
342.77
342.02
341.27
340.52
339.77
339.02
338.27
337.52
336.78
336.03
335.28
334.54
333.79
333.04
332.3
331.55
330.81
330.07
329.32
328.58
327.84
327.1
326.36
325.62
324.88
324.14
323.4
322.66
321.93
321.19
320.45
319.72
318.99
318.25
317.52
316.79
316.06
315.32
314.59
313.87
313.14
312.41
311.68
310.96
310.23
309.51
308.78
308.06
307.34
306.61
305.89
305.17
304.45
303.74
303.02
302.3
301.59
300.87
300.16
299.45
298.73
298.02
297.31
296.6
295.89
295.19
294.48
293.77
293.07
292.37
291.66
290.96
290.26
289.56
288.86
288.16
287.47
286.77
286.08
285.38
284.69
284
283.31
282.62
281.93
281.24
280.55
279.87
279.18
278.5
277.82
277.13
276.45
275.77
275.1
274.42
273.74
273.07
272.39
271.72
271.05
270.38
269.71
269.04
268.37
267.71
267.04
266.38
265.71
265.05
264.39
263.73
263.07
262.42
261.76
261.1
260.45
259.8
259.15
258.5
257.85
257.2
256.55
255.91
255.26
254.62
253.97
253.33
252.69
252.06
251.42
250.78
250.15
249.51
248.88
248.25
247.62
246.99
246.36
245.73
245.11
244.48
243.86
243.24
242.62
242
241.38
240.76
240.15
239.53
238.92
238.31
237.69
237.08
236.48
235.87
235.26
234.66
234.05
233.45
232.85
232.25
231.65
231.05
230.46
229.86
229.27
228.68
228.08
227.49
226.91
226.32
225.73
225.15
224.56
223.98
223.4
222.82
222.24
221.66
221.08
220.51
219.93
219.36
218.79
218.22
217.65
217.08
216.52
215.95
215.39
214.82
214.26
213.7
213.14
212.58
212.03
211.47
210.92
210.37
209.81
209.26
208.71
208.17
207.62
207.07
206.53
205.99
205.44
204.9
204.36
203.83
203.29
202.75
202.22
201.69
201.15
200.62
200.09
199.57
199.04
198.51
197.99
197.47
196.94
196.42
195.9
195.38
194.87
194.35
193.84
193.32
192.81
192.3
191.79
191.28
190.77
190.27
189.76
189.26
188.76
188.25
187.75
187.26
186.76
186.26
185.77
185.27
184.78
184.29
183.8
183.31
182.82
182.33
181.85
181.36
180.88
180.4
179.92
179.44
178.96
178.48
178
177.53
177.05
176.58
176.11
175.64
175.17
174.7
174.24
173.77
173.31
172.84
172.38
171.92
171.46
171
170.54
170.09
169.63
169.18
168.72
168.27
167.82
167.37
166.92
166.48
166.03
165.59
165.14
164.7
164.26
163.82
163.38
162.94
162.5
162.07
161.63
161.2
160.77
160.34
159.91
159.48
159.05
158.62
158.2
157.77
157.35
156.93
156.51
156.09
155.67
155.25
154.83
154.42
154
153.59
153.18
152.76
152.35
151.94
151.54
151.13
150.72
150.32
149.91
149.51
149.11
148.71
148.31
147.91
147.51
147.12
146.72
146.33
145.93
145.54
145.15
144.76
144.37
143.98
143.6
143.21
142.83
142.44
142.06
141.68
141.3
140.92
140.54
140.16
139.78
139.41
139.03
138.66
138.29
137.92
137.55
137.18
136.81
136.44
136.07
135.71
135.34
134.98
134.62
134.26
133.9
133.54
133.18
132.82
132.46
132.11
131.75
131.4
131.05
130.7
130.34
129.99
129.65
129.3
128.95
128.6
128.26
127.92
127.57
127.23
126.89
126.55
126.21
125.87
125.53
125.2
124.86
124.53
124.19
123.86
123.53
123.2
122.87
122.54
122.21
121.88
121.56
121.23
120.91
120.58
120.26
119.94
119.62
119.3
118.98
118.66
118.34
118.03
117.71
117.4
117.08
116.77
116.46
116.15
115.84
115.53
115.22
114.91
114.61
114.3
113.99
113.69
113.39
113.08
112.78
112.48
112.18
111.88
111.59
111.29
110.99
110.7
110.4
110.11
109.81
109.52
109.23
108.94
108.65
108.36
108.07
107.79
107.5
107.21
106.93
106.64
106.36
106.08
105.8
105.52
105.24
104.96
104.68
104.4
104.12
103.85
103.57
103.3
103.02
102.75
102.48
102.21
101.94
101.67
101.4
101.13
100.86
100.6
100.33
100.07
99.801
99.537
99.274
99.012
98.751
98.49
98.23
97.971
97.713
97.455
97.198
96.942
96.687
96.432
96.178
95.925
95.673
95.421
95.17
94.92
94.67
94.421
94.173
93.926
93.679
93.433
93.188
92.943
92.7
92.457
92.214
91.972
91.731
91.491
91.252
91.013
90.774
90.537
90.3
90.064
89.829
89.594
89.36
89.126
88.894
88.662
88.43
88.2
87.969
87.74
87.511
87.283
87.056
86.829
86.603
86.378
86.153
85.929
85.706
85.483
85.261
85.04
84.819
84.599
84.379
84.16
83.942
83.724
83.508
83.291
83.076
82.86
82.646
82.432
82.219
82.007
81.795
81.583
81.373
81.163
80.953
80.744
80.536
80.328
80.121
79.915
79.709
79.504
79.299
79.096
78.892
78.689
78.487
78.286
78.085
77.884
77.684
77.485
77.286
77.088
76.891
76.694
76.498
76.302
76.107
75.912
75.718
75.525
75.332
75.139
74.948
74.756
74.566
74.376
74.186
73.997
73.809
73.621
73.434
73.247
73.061
72.875
72.69
72.505
72.321
72.138
71.955
71.773
71.591
71.41
71.229
71.049
70.869
70.69
70.511
70.333
70.155
69.978
69.802
69.626
69.45
69.275
69.101
68.927
68.753
68.58
68.408
68.236
68.065
67.894
67.723
67.553
67.384
67.215
67.047
66.879
66.711
66.545
66.378
66.212
66.047
65.882
65.717
65.553
65.39
65.227
65.064
64.902
64.741
64.58
64.419
64.259
64.099
63.94
63.781
63.623
63.465
63.308
63.151
62.995
62.839
62.683
62.528
62.374
62.22
62.066
61.913
61.76
61.608
61.456
61.305
61.154
61.003
60.853
60.704
60.555
60.406
60.258
60.11
59.962
59.815
59.669
59.523
59.377
59.232
59.087
58.943
58.799
58.655
58.512
58.369
58.227
58.085
57.944
57.803
57.662
57.522
57.383
57.243
57.104
56.966
56.828
56.69
56.553
56.416
56.279
56.143
56.008
55.872
55.737
55.603
55.469
55.335
55.202
55.069
54.937
54.805
54.673
54.541
54.411
54.28
54.15
54.02
53.891
53.762
53.633
53.505
53.377
53.249
53.122
52.996
52.869
52.743
52.618
52.492
52.367
52.243
52.119
51.995
51.872
51.749
51.626
51.504
51.382
51.26
51.139
51.018
50.897
50.777
50.657
50.538
50.419
50.3
50.182
50.064
49.946
49.828
49.711
49.595
49.478
49.362
49.247
49.131
49.017
48.902
48.788
48.674
48.56
48.447
48.334
48.221
48.109
47.997
47.885
47.774
47.663
47.552
47.442
47.332
47.222
47.113
47.004
46.895
46.787
46.679
46.571
46.464
46.357
46.25
46.143
46.037
45.931
45.826
45.721
45.616
45.511
45.407
45.303
45.199
45.096
44.993
44.89
44.787
44.685
44.583
44.482
44.38
44.279
44.179
44.078
43.978
43.879
43.779
43.68
43.581
43.482
43.384
43.286
43.188
43.091
42.993
42.896
42.8
42.703
42.607
42.512
42.416
42.321
42.226
42.131
42.037
41.943
41.849
41.755
41.662
41.569
41.476
41.384
41.292
41.2
41.108
41.017
40.926
40.835
40.744
40.654
40.564
40.474
40.384
40.295
40.206
40.117
40.029
39.941
39.853
39.765
39.677
39.59
39.503
39.417
39.33
39.244
39.158
39.072
38.987
38.902
38.817
38.732
38.648
38.563
38.479
38.396
38.312
38.229
38.146
38.063
37.981
37.899
37.816
37.735
37.653
37.572
37.491
37.41
37.329
37.249
37.169
37.089
37.009
36.93
36.851
36.772
36.693
36.614
36.536
36.458
36.38
36.303
36.225
36.148
36.071
35.994
35.918
35.842
35.766
35.69
35.614
35.539
35.464
35.389
35.314
35.239
35.165
35.091
35.017
34.943
34.87
34.797
34.724
34.651
34.578
34.506
34.434
34.362
34.29
34.218
34.147
34.076
34.005
33.934
33.864
33.793
33.723
33.653
33.584
33.514
33.445
33.376
33.307
33.238
33.17
33.101
33.033
32.965
32.897
32.83
32.763
32.695
32.628
32.562
32.495
32.429
32.363
32.297
32.231
32.165
32.1
32.034
31.969
31.905
31.84
31.775
31.711
31.647
31.583
31.519
31.456
31.392
31.329
31.266
31.203
31.14
31.078
31.016
30.954
30.892
30.83
30.768
30.707
30.645
30.584
30.524
30.463
30.402
30.342
30.282
30.222
30.162
30.102
30.043
29.983
29.924
29.865
29.806
29.747
29.689
29.631
29.572
29.514
29.457
29.399
29.341
29.284
29.227
29.17
29.113
29.056
29
28.943
28.887
28.831
28.775
28.719
28.664
28.608
28.553
28.498
28.443
28.388
28.334
28.279
28.225
28.171
28.117
28.063
28.009
27.956
27.902
27.849
27.796
27.743
27.69
27.637
27.585
27.532
27.48
27.428
27.376
27.324
27.273
27.221
27.17
27.119
27.068
27.017
26.966
26.916
26.865
26.815
26.765
26.715
26.665
26.615
26.565
26.516
26.466
26.417
26.368
26.319
26.27
26.222
26.173
26.125
26.077
26.029
25.981
25.933
25.885
25.837
25.79
25.743
25.696
25.649
25.602
25.555
25.508
25.462
25.415
25.369
25.323
25.277
25.231
25.185
25.14
25.094
25.049
25.004
24.959
24.914
24.869
24.824
24.78
24.735
24.691
24.646
24.602
24.558
24.515
24.471
24.427
24.384
24.34
24.297
24.254
24.211
24.168
24.125
24.083
24.04
23.998
23.956
23.913
23.871
23.829
23.788
23.746
23.704
23.663
23.621
23.58
23.539
23.498
23.457
23.416
23.376
23.335
23.295
23.254
23.214
23.174
23.134
23.094
23.054
23.015
22.975
22.936
22.896
22.857
22.818
22.779
22.74
22.701
22.663
22.624
22.586
22.547
22.509
22.471
22.433
22.395
22.357
22.319
22.282
22.244
22.207
22.169
22.132
22.095
22.058
22.021
21.984
21.947
21.911
21.874
21.838
21.802
21.765
21.729
21.693
21.657
21.622
21.586
21.55
21.515
21.479
21.444
21.409
21.374
21.339
21.304
21.269
21.234
21.199
21.165
21.13
21.096
21.062
21.028
20.993
20.96
20.926
20.892
20.858
20.824
20.791
20.757
20.724
20.691
20.658
20.625
20.592
20.559
20.526
20.493
20.461
20.428
20.396
20.363
20.331
20.299
20.267
20.235
20.203
20.171
20.139
20.107
20.076
20.044
20.013
19.982
19.95
19.919
19.888
19.857
19.826
19.796
19.765
19.734
19.704
19.673
19.643
19.612
19.582
19.552
19.522
19.492
19.462
19.432
19.402
19.373
19.343
19.314
19.284
19.255
19.226
19.196
19.167
19.138
19.109
19.08
19.052
19.023
18.994
18.966
18.937
18.909
18.88
18.852
18.824
18.796
18.768
18.74
18.712
18.684
18.657
18.629
18.601
18.574
18.546
18.519
18.492
18.464
18.437
18.41
18.383
18.356
18.329
18.303
18.276
18.249
18.223
18.196
18.17
18.143
18.117
18.091
18.065
18.039
18.013
17.987
17.961
17.935
17.909
17.884
17.858
17.833
17.807
17.782
17.756
17.731
17.706
17.681
17.656
17.631
17.606
17.581
17.556
17.532
17.507
17.482
17.458
17.433
17.409
17.385
17.36
17.336
17.312
17.288
17.264
17.24
17.216
17.192
17.169
17.145
17.121
17.098
17.074
17.051
17.027
17.004
16.981
16.958
16.934
16.911
16.888
16.865
16.843
16.82
16.797
16.774
16.752
16.729
16.706
16.684
16.662
16.639
16.617
16.595
16.572
16.55
16.528
16.506
16.484
16.462
16.441
16.419
16.397
16.375
16.354
16.332
16.311
16.289
16.268
16.247
16.225
16.204
16.183
16.162
16.141
16.12
16.099
16.078
16.057
16.037
16.016
15.995
15.975
15.954
15.934
15.913
15.893
15.872
15.852
15.832
15.812
15.792
15.771
15.751
15.732
15.712
15.692
15.672
15.652
15.632
15.613
15.593
15.574
15.554
15.535
15.515
15.496
15.477
15.457
15.438
15.419
15.4
15.381
15.362
15.343
15.324
15.305
15.286
15.268
15.249
15.23
15.212
15.193
15.174
15.156
15.138
15.119
15.101
15.083
15.064
15.046
15.028
15.01
14.992
14.974
14.956
14.938
14.92
14.902
14.885
14.867
14.849
14.832
14.814
14.796
14.779
14.761
14.744
14.727
14.709
14.692
14.675
14.658
14.641
14.624
14.606
14.589
14.572
14.556
14.539
14.522
14.505
14.488
14.472
14.455
14.438
14.422
14.405
14.389
14.372
14.356
14.34
14.323
14.307
14.291
14.275
14.258
14.242
14.226
14.21
14.194
14.178
14.162
14.146
14.131
14.115
14.099
14.083
14.068
14.052
14.036
14.021
14.005
13.99
13.975
13.959
13.944
13.928
13.913
13.898
13.883
13.868
13.852
13.837
13.822
13.807
13.792
13.777
13.763
13.748
13.733
13.718
13.703
13.689
13.674
13.659
13.645
13.63
13.616
13.601
13.587
13.572
13.558
13.544
13.529
13.515
13.501
13.487
13.473
13.458
13.444
13.43
13.416
13.402
13.388
13.375
13.361
13.347
13.333
13.319
13.306
13.292
13.278
13.265
13.251
13.237
13.224
13.21
13.197
13.184
13.17
13.157
13.143
13.13
13.117
13.104
13.091
13.077
13.064
13.051
13.038
13.025
13.012
12.999
12.986
12.973
12.96
12.948
12.935
12.922
12.909
12.897
12.884
12.871
12.859
12.846
12.834
12.821
12.809
12.796
12.784
12.771
12.759
12.747
12.734
12.722
12.71
12.698
12.686
12.673
12.661
12.649
12.637
12.625
12.613
12.601
12.589
12.577
12.565
12.554
12.542
12.53
12.518
12.507
12.495
12.483
12.472
12.46
12.448
12.437
12.425
12.414
12.402
12.391
12.38
12.368
12.357
12.345
12.334
12.323
12.312
12.3
12.289
12.278
12.267
12.256
12.245
12.234
12.223
12.212
12.201
12.19
12.179
12.168
12.157
12.146
12.136
12.125
12.114
12.103
12.093
12.082
12.071
12.061
12.05
12.04
12.029
12.019
12.008
11.998
11.987
11.977
11.966
11.956
11.946
11.935
11.925
11.915
11.905
11.894
11.884
11.874
11.864
11.854
11.844
11.834
11.824
11.814
11.804
11.794
11.784
11.774
11.764
11.754
11.744
11.734
