0
9.3473e-05
0.00037279
0.0008363
0.0014824
0.0023094
0.0033157
0.0044997
0.0058598
0.0073945
0.009102
0.010981
0.01303
0.015247
0.01763
0.020179
0.022892
0.025767
0.028802
0.031996
0.035349
0.038857
0.04252
0.046336
0.050304
0.054423
0.05869
0.063105
0.067666
0.072372
0.077221
0.082212
0.087344
0.092614
0.098023
0.10357
0.10925
0.11506
0.12101
0.12708
0.13329
0.13963
0.14609
0.15268
0.15939
0.16623
0.17319
0.18026
0.18746
0.19478
0.20222
0.20977
0.21743
0.22521
0.2331
0.2411
0.24921
0.25743
0.26576
0.27419
0.28273
0.29137
0.30012
0.30897
0.31792
0.32696
0.33611
0.34535
0.35469
0.36413
0.37365
0.38328
0.39299
0.40279
0.41269
0.42267
0.43274
0.44289
0.45313
0.46346
0.47387
0.48436
0.49494
0.50559
0.51632
0.52713
0.53802
0.54899
0.56003
0.57115
0.58234
0.5936
0.60493
0.61634
0.62781
0.63935
0.65097
0.66264
0.67439
0.6862
0.69807
0.71001
0.72201
0.73407
0.7462
0.75838
0.77062
0.78292
0.79528
0.80769
0.82017
0.83269
0.84527
0.8579
0.87059
0.88332
0.89611
0.90895
0.92184
0.93477
0.94775
0.96078
0.97386
0.98698
1.0001
1.0134
1.0266
1.0399
1.0532
1.0666
1.08
1.0935
1.107
1.1205
1.1341
1.1477
1.1613
1.175
1.1887
1.2025
1.2163
1.2301
1.2439
1.2578
1.2717
1.2856
1.2996
1.3136
1.3276
1.3417
1.3557
1.3698
1.384
1.3981
1.4123
1.4265
1.4407
1.455
1.4692
1.4835
1.4978
1.5121
1.5265
1.5409
1.5552
1.5696
1.584
1.5985
1.6129
1.6274
1.6419
1.6564
1.6709
1.6854
1.6999
1.7145
1.729
1.7436
1.7582
1.7728
1.7874
1.802
1.8166
1.8312
1.8458
1.8605
1.8751
1.8898
1.9044
1.9191
1.9337
1.9484
1.9631
1.9778
1.9924
2.0071
2.0218
2.0365
2.0512
2.0658
2.0805
2.0952
2.1099
2.1246
2.1393
2.1539
2.1686
2.1833
2.198
2.2126
2.2273
2.2419
2.2566
2.2712
2.2859
2.3005
2.3151
2.3298
2.3444
2.359
2.3736
2.3882
2.4028
2.4173
2.4319
2.4464
2.461
2.4755
2.49
2.5045
2.519
2.5335
2.548
2.5625
2.5769
2.5914
2.6058
2.6202
2.6346
2.649
2.6633
2.6777
2.692
2.7063
2.7206
2.7349
2.7492
2.7634
2.7777
2.7919
2.8061
2.8203
2.8344
2.8486
2.8627
2.8768
2.8909
2.905
2.919
2.933
2.947
2.961
2.975
2.9889
3.0028
3.0167
3.0306
3.0445
3.0583
3.0721
3.0859
3.0997
3.1134
3.1271
3.1408
3.1545
3.1681
3.1817
3.1953
3.2089
3.2225
3.236
3.2495
3.2629
3.2764
3.2898
3.3032
3.3165
3.3299
3.3432
3.3564
3.3697
3.3829
3.3961
3.4093
3.4224
3.4355
3.4486
3.4617
3.4747
3.4877
3.5006
3.5136
3.5265
3.5394
3.5522
3.565
3.5778
3.5906
3.6033
3.616
3.6287
3.6413
3.6539
3.6665
3.679
3.6915
3.704
3.7164
3.7288
3.7412
3.7535
3.7659
3.7781
3.7904
3.8026
3.8148
3.8269
3.839
3.8511
3.8632
3.8752
3.8872
3.8991
3.911
3.9229
3.9347
3.9466
3.9583
3.9701
3.9818
3.9934
4.0051
4.0167
4.0282
4.0398
4.0513
4.0627
4.0742
4.0855
4.0969
4.1082
4.1195
4.1307
4.142
4.1531
4.1643
4.1754
4.1864
4.1975
4.2085
4.2194
4.2303
4.2412
4.2521
4.2629
4.2736
4.2844
4.2951
4.3057
4.3164
4.3269
4.3375
4.348
4.3585
4.3689
4.3793
4.3897
4.4
4.4103
4.4205
4.4307
4.4409
4.451
4.4611
4.4712
4.4812
4.4912
4.5012
4.5111
4.5209
4.5308
4.5406
4.5503
4.56
4.5697
4.5793
4.5889
4.5985
4.608
4.6175
4.6269
4.6364
4.6457
4.6551
4.6643
4.6736
4.6828
4.692
4.7011
4.7102
4.7193
4.7283
4.7373
4.7462
4.7551
4.764
4.7728
4.7816
4.7903
4.7991
4.8077
4.8164
4.8249
4.8335
4.842
4.8505
4.8589
4.8673
4.8757
4.884
4.8923
4.9005
4.9087
4.9169
4.925
4.9331
4.9411
4.9491
4.9571
4.965
4.9729
4.9808
4.9886
4.9964
5.0041
5.0118
5.0195
5.0271
5.0347
5.0422
5.0497
5.0572
5.0646
5.072
5.0793
5.0866
5.0939
5.1011
5.1083
5.1155
5.1226
5.1296
5.1367
5.1437
5.1506
5.1576
5.1644
5.1713
5.1781
5.1848
5.1916
5.1983
5.2049
5.2115
5.2181
5.2246
5.2311
5.2376
5.244
5.2504
5.2567
5.263
5.2693
5.2755
5.2817
5.2879
5.294
5.3001
5.3061
5.3121
5.3181
5.324
5.3299
5.3358
5.3416
5.3473
5.3531
5.3588
5.3645
5.3701
5.3757
5.3812
5.3867
5.3922
5.3977
5.4031
5.4084
5.4137
5.419
5.4243
5.4295
5.4347
5.4398
5.4449
5.45
5.455
5.46
5.465
5.4699
5.4748
5.4797
5.4845
5.4893
5.494
5.4987
5.5034
5.508
5.5126
5.5172
5.5217
5.5262
5.5306
5.535
5.5394
5.5438
5.5481
5.5524
5.5566
5.5608
5.565
5.5691
5.5732
5.5773
5.5813
5.5853
5.5892
5.5932
5.597
5.6009
5.6047
5.6085
5.6122
5.616
5.6196
5.6233
5.6269
5.6305
5.634
5.6375
5.641
5.6444
5.6478
5.6512
5.6545
5.6578
5.6611
5.6643
5.6675
5.6707
5.6738
5.6769
5.68
5.683
5.686
5.689
5.6919
5.6948
5.6977
5.7005
5.7033
5.7061
5.7089
5.7116
5.7142
5.7169
5.7195
5.722
5.7246
5.7271
5.7296
5.732
5.7344
5.7368
5.7392
5.7415
5.7438
5.746
5.7482
5.7504
5.7526
5.7547
5.7568
5.7589
5.7609
5.7629
5.7649
5.7668
5.7687
5.7706
5.7724
5.7743
5.7761
5.7778
5.7795
5.7812
5.7829
5.7845
5.7861
5.7877
5.7892
5.7908
5.7922
5.7937
5.7951
5.7965
5.7979
5.7992
5.8005
5.8018
5.803
5.8043
5.8055
5.8066
5.8077
5.8088
5.8099
5.811
5.812
5.813
5.8139
5.8148
5.8158
5.8166
5.8175
5.8183
5.8191
5.8198
5.8206
5.8213
5.8219
5.8226
5.8232
5.8238
5.8244
5.8249
5.8254
5.8259
5.8264
5.8268
5.8272
5.8276
5.8279
5.8282
5.8285
5.8288
5.8291
5.8293
5.8295
5.8296
5.8298
5.8299
5.83
5.83
5.83
5.83
5.83
5.83
5.8299
5.8298
5.8297
5.8295
5.8294
5.8292
5.829
5.8287
5.8284
5.8281
5.8278
5.8275
5.8271
5.8267
5.8263
5.8258
5.8253
5.8249
5.8243
5.8238
5.8232
5.8226
5.822
5.8214
5.8207
5.82
5.8193
5.8186
5.8178
5.817
5.8162
5.8154
5.8145
5.8137
5.8128
5.8118
5.8109
5.8099
5.8089
5.8079
5.8069
5.8058
5.8048
5.8037
5.8025
5.8014
5.8002
5.799
5.7978
5.7966
5.7953
5.794
5.7927
5.7914
5.7901
5.7887
5.7873
5.7859
5.7845
5.783
5.7816
5.7801
5.7786
5.777
5.7755
5.7739
5.7723
5.7707
5.769
5.7674
5.7657
5.764
5.7623
5.7605
5.7588
5.757
5.7552
5.7534
5.7515
5.7497
5.7478
5.7459
5.744
5.7421
5.7401
5.7381
5.7361
5.7341
5.7321
5.73
5.728
5.7259
5.7238
5.7216
5.7195
5.7173
5.7151
5.7129
5.7107
5.7085
5.7062
5.704
5.7017
5.6994
5.697
5.6947
5.6923
5.6899
5.6875
5.6851
5.6827
5.6802
5.6778
5.6753
5.6728
5.6703
5.6677
5.6652
5.6626
5.66
5.6574
5.6548
5.6521
5.6495
5.6468
5.6441
5.6414
5.6387
5.636
5.6332
5.6304
5.6277
5.6249
5.622
5.6192
5.6164
5.6135
5.6106
5.6077
5.6048
5.6019
5.5989
5.596
5.593
5.59
5.587
5.584
5.581
5.5779
5.5749
5.5718
5.5687
5.5656
5.5625
5.5593
5.5562
5.553
5.5499
5.5467
5.5435
5.5402
5.537
5.5337
5.5305
5.5272
5.5239
5.5206
5.5173
5.514
5.5106
5.5073
5.5039
5.5005
5.4971
5.4937
5.4903
5.4868
5.4834
5.4799
5.4765
5.473
5.4695
5.466
5.4624
5.4589
5.4553
5.4518
5.4482
5.4446
5.441
5.4374
5.4338
5.4301
5.4265
5.4228
5.4191
5.4155
5.4118
5.4081
5.4043
5.4006
5.3969
5.3931
5.3893
5.3856
5.3818
5.378
5.3742
5.3703
5.3665
5.3627
5.3588
5.3549
5.3511
5.3472
5.3433
5.3394
5.3355
5.3315
5.3276
5.3236
5.3197
5.3157
5.3117
5.3077
5.3037
5.2997
5.2957
5.2917
5.2876
5.2836
5.2795
5.2754
5.2714
5.2673
5.2632
5.2591
5.2549
5.2508
5.2467
5.2425
5.2384
5.2342
5.23
5.2258
5.2216
5.2174
5.2132
5.209
5.2048
5.2006
5.1963
5.1921
5.1878
5.1835
5.1792
5.175
5.1707
5.1664
5.162
5.1577
5.1534
5.1491
5.1447
5.1404
5.136
5.1316
5.1272
5.1229
5.1185
5.1141
5.1097
5.1052
5.1008
5.0964
5.092
5.0875
5.0831
5.0786
5.0741
5.0697
5.0652
5.0607
5.0562
5.0517
5.0472
5.0427
5.0381
5.0336
5.0291
5.0245
5.02
5.0154
5.0109
5.0063
5.0017
4.9971
4.9925
4.9879
4.9833
4.9787
4.9741
4.9695
4.9649
4.9602
4.9556
4.951
4.9463
4.9417
4.937
4.9323
4.9276
4.923
4.9183
4.9136
4.9089
4.9042
4.8995
4.8948
4.8901
4.8853
4.8806
4.8759
4.8711
4.8664
4.8616
4.8569
4.8521
4.8474
4.8426
4.8378
4.8331
4.8283
4.8235
4.8187
4.8139
4.8091
4.8043
4.7995
4.7947
4.7898
4.785
4.7802
4.7754
4.7705
4.7657
4.7608
4.756
4.7511
4.7463
4.7414
4.7365
4.7317
4.7268
4.7219
4.717
4.7122
4.7073
4.7024
4.6975
4.6926
4.6877
4.6828
4.6779
4.673
4.668
4.6631
4.6582
4.6533
4.6483
4.6434
4.6385
4.6335
4.6286
4.6236
4.6187
4.6137
4.6088
4.6038
4.5989
4.5939
4.5889
4.584
4.579
4.574
4.569
4.564
4.5591
4.5541
4.5491
4.5441
4.5391
4.5341
4.5291
4.5241
4.5191
4.5141
4.5091
4.5041
4.4991
4.4941
4.489
4.484
4.479
4.474
4.469
4.4639
4.4589
4.4539
4.4488
4.4438
4.4388
4.4337
4.4287
4.4237
4.4186
4.4136
4.4085
4.4035
4.3984
4.3934
4.3883
4.3833
4.3782
4.3732
4.3681
4.3631
4.358
4.3529
4.3479
4.3428
4.3378
4.3327
4.3276
4.3226
4.3175
4.3124
4.3073
4.3023
4.2972
4.2921
4.2871
4.282
4.2769
4.2718
4.2668
4.2617
4.2566
4.2515
4.2464
4.2414
4.2363
4.2312
4.2261
4.221
4.216
4.2109
4.2058
4.2007
4.1956
4.1905
4.1855
4.1804
4.1753
4.1702
4.1651
4.16
4.155
4.1499
4.1448
4.1397
4.1346
4.1295
4.1244
4.1194
4.1143
4.1092
4.1041
4.099
4.0939
4.0889
4.0838
4.0787
4.0736
4.0685
4.0634
4.0584
4.0533
4.0482
4.0431
4.038
4.033
4.0279
4.0228
4.0177
4.0126
4.0076
4.0025
3.9974
3.9923
3.9873
3.9822
3.9771
3.9721
3.967
3.9619
3.9568
3.9518
3.9467
3.9416
3.9366
3.9315
3.9265
3.9214
3.9163
3.9113
3.9062
3.9012
3.8961
3.891
3.886
3.8809
3.8759
3.8708
3.8658
3.8607
3.8557
3.8507
3.8456
3.8406
3.8355
3.8305
3.8255
3.8204
3.8154
3.8104
3.8053
3.8003
3.7953
3.7902
3.7852
3.7802
3.7752
3.7701
3.7651
3.7601
3.7551
3.7501
3.7451
3.7401
3.7351
3.7301
3.725
3.72
3.715
3.71
3.7051
3.7001
3.6951
3.6901
3.6851
3.6801
3.6751
3.6701
3.6652
3.6602
3.6552
3.6502
3.6453
3.6403
3.6353
3.6304
3.6254
3.6204
3.6155
3.6105
3.6056
3.6006
3.5957
3.5907
3.5858
3.5808
3.5759
3.571
3.566
3.5611
3.5562
3.5512
3.5463
3.5414
3.5365
3.5315
3.5266
3.5217
3.5168
3.5119
3.507
3.5021
3.4972
3.4923
3.4874
3.4825
3.4776
3.4727
3.4679
3.463
3.4581
3.4532
3.4483
3.4435
3.4386
3.4338
3.4289
3.424
3.4192
3.4143
3.4095
3.4046
3.3998
3.3949
3.3901
3.3853
3.3804
3.3756
3.3708
3.366
3.3611
3.3563
3.3515
3.3467
3.3419
3.3371
3.3323
3.3275
3.3227
3.3179
3.3131
3.3083
3.3036
3.2988
3.294
3.2892
3.2845
3.2797
3.2749
3.2702
3.2654
3.2607
3.2559
3.2512
3.2464
3.2417
3.237
3.2322
3.2275
3.2228
3.2181
3.2133
3.2086
3.2039
3.1992
3.1945
3.1898
3.1851
3.1804
3.1757
3.171
3.1663
3.1617
3.157
3.1523
3.1476
3.143
3.1383
3.1337
3.129
3.1243
3.1197
3.1151
3.1104
3.1058
3.1011
3.0965
3.0919
3.0873
3.0826
3.078
3.0734
3.0688
3.0642
3.0596
3.055
3.0504
3.0458
3.0412
3.0367
3.0321
3.0275
3.0229
3.0184
3.0138
3.0093
3.0047
3.0002
2.9956
2.9911
2.9865
2.982
2.9775
2.9729
2.9684
2.9639
2.9594
2.9549
2.9504
2.9459
2.9414
2.9369
2.9324
2.9279
2.9234
2.9189
2.9144
2.91
2.9055
2.901
2.8966
2.8921
2.8877
2.8832
2.8788
2.8743
2.8699
2.8655
2.8611
2.8566
2.8522
2.8478
2.8434
2.839
2.8346
2.8302
2.8258
2.8214
2.817
2.8126
2.8083
2.8039
2.7995
2.7951
2.7908
2.7864
2.7821
2.7777
2.7734
2.769
2.7647
2.7604
2.7561
2.7517
2.7474
2.7431
2.7388
2.7345
2.7302
2.7259
2.7216
2.7173
2.713
2.7087
2.7045
2.7002
2.6959
2.6917
2.6874
2.6832
2.6789
2.6747
2.6704
2.6662
2.6619
2.6577
2.6535
2.6493
2.6451
2.6409
2.6366
2.6324
2.6282
2.6241
2.6199
2.6157
2.6115
2.6073
2.6032
2.599
2.5948
2.5907
2.5865
2.5824
2.5782
2.5741
2.5699
2.5658
2.5617
2.5576
2.5534
2.5493
2.5452
2.5411
2.537
2.5329
2.5288
2.5247
2.5207
2.5166
2.5125
2.5084
2.5044
2.5003
2.4963
2.4922
2.4882
2.4841
2.4801
2.4761
2.472
2.468
2.464
2.46
2.456
2.452
2.448
2.444
2.44
2.436
2.432
2.428
2.424
2.4201
2.4161
2.4122
2.4082
2.4042
2.4003
2.3964
2.3924
2.3885
2.3846
2.3806
2.3767
2.3728
2.3689
2.365
2.3611
2.3572
2.3533
2.3494
2.3455
2.3416
2.3378
2.3339
2.33
2.3262
2.3223
2.3185
2.3146
2.3108
2.3069
2.3031
2.2993
2.2955
2.2916
2.2878
2.284
2.2802
2.2764
2.2726
2.2688
2.265
2.2613
2.2575
2.2537
2.2499
2.2462
2.2424
2.2387
2.2349
2.2312
2.2274
2.2237
2.22
2.2162
2.2125
2.2088
2.2051
2.2014
2.1977
2.194
2.1903
2.1866
2.1829
2.1792
2.1756
2.1719
2.1682
2.1645
2.1609
2.1572
2.1536
2.1499
2.1463
2.1427
2.139
2.1354
2.1318
2.1282
2.1246
2.121
2.1174
2.1138
2.1102
2.1066
2.103
2.0994
2.0958
2.0923
2.0887
2.0851
2.0816
2.078
2.0745
2.0709
2.0674
2.0639
2.0603
2.0568
2.0533
2.0498
2.0463
2.0428
2.0393
2.0358
2.0323
2.0288
2.0253
2.0218
2.0184
2.0149
2.0114
2.008
2.0045
2.0011
1.9976
1.9942
1.9907
1.9873
1.9839
1.9805
1.977
1.9736
1.9702
1.9668
1.9634
1.96
1.9566
1.9532
1.9499
1.9465
1.9431
1.9397
1.9364
1.933
1.9297
1.9263
1.923
1.9196
1.9163
1.913
1.9096
1.9063
1.903
1.8997
1.8964
1.8931
1.8898
1.8865
1.8832
1.8799
1.8766
1.8733
1.8701
1.8668
1.8635
1.8603
1.857
1.8538
1.8505
1.8473
1.844
1.8408
1.8376
1.8343
1.8311
1.8279
1.8247
1.8215
1.8183
1.8151
1.8119
1.8087
1.8055
1.8024
1.7992
1.796
1.7929
1.7897
1.7865
1.7834
1.7802
1.7771
1.774
1.7708
1.7677
1.7646
1.7614
1.7583
1.7552
1.7521
1.749
1.7459
1.7428
1.7397
1.7366
1.7336
1.7305
1.7274
1.7244
1.7213
1.7182
1.7152
1.7121
1.7091
1.706
1.703
1.7
1.6969
1.6939
1.6909
1.6879
1.6849
1.6819
1.6789
1.6759
1.6729
1.6699
1.6669
1.6639
1.661
1.658
1.655
1.6521
1.6491
1.6462
1.6432
1.6403
1.6373
1.6344
1.6315
1.6285
1.6256
1.6227
1.6198
1.6169
1.614
1.6111
1.6082
1.6053
1.6024
1.5995
1.5966
1.5937
1.5909
1.588
1.5851
1.5823
1.5794
1.5766
1.5737
1.5709
1.5681
1.5652
1.5624
1.5596
1.5568
1.5539
1.5511
1.5483
1.5455
1.5427
1.5399
1.5371
1.5344
1.5316
1.5288
1.526
1.5233
1.5205
1.5177
1.515
1.5122
1.5095
1.5067
1.504
1.5013
1.4985
1.4958
1.4931
1.4904
1.4876
1.4849
1.4822
1.4795
1.4768
1.4741
1.4714
1.4688
1.4661
1.4634
1.4607
1.4581
1.4554
1.4527
1.4501
1.4474
1.4448
1.4421
1.4395
1.4369
1.4342
1.4316
1.429
1.4264
1.4237
1.4211
1.4185
1.4159
1.4133
1.4107
1.4081
1.4056
1.403
1.4004
1.3978
1.3952
1.3927
1.3901
1.3876
1.385
1.3825
1.3799
1.3774
1.3748
1.3723
1.3698
1.3672
1.3647
1.3622
1.3597
1.3572
1.3547
1.3522
1.3497
1.3472
1.3447
1.3422
1.3397
1.3372
1.3348
1.3323
1.3298
1.3274
1.3249
1.3224
1.32
1.3175
1.3151
1.3127
1.3102
1.3078
1.3054
1.3029
1.3005
1.2981
1.2957
1.2933
1.2909
1.2885
1.2861
1.2837
1.2813
1.2789
1.2765
1.2742
1.2718
1.2694
1.2671
1.2647
1.2623
1.26
1.2576
1.2553
1.2529
1.2506
1.2483
1.2459
1.2436
1.2413
1.239
1.2367
1.2343
1.232
1.2297
1.2274
1.2251
1.2228
1.2206
1.2183
1.216
1.2137
1.2114
1.2092
1.2069
1.2046
1.2024
1.2001
1.1979
1.1956
1.1934
1.1911
1.1889
1.1867
1.1844
1.1822
1.18
1.1778
1.1755
1.1733
1.1711
1.1689
1.1667
1.1645
1.1623
1.1601
1.158
1.1558
1.1536
1.1514
1.1492
1.1471
1.1449
1.1428
1.1406
1.1384
1.1363
1.1341
1.132
1.1299
1.1277
1.1256
1.1235
1.1213
1.1192
1.1171
1.115
1.1129
1.1108
1.1087
1.1066
1.1045
1.1024
1.1003
1.0982
1.0961
1.094
1.092
1.0899
1.0878
1.0858
1.0837
1.0816
1.0796
1.0775
1.0755
1.0735
1.0714
1.0694
1.0673
1.0653
1.0633
1.0613
1.0592
1.0572
1.0552
1.0532
1.0512
1.0492
1.0472
1.0452
1.0432
1.0412
1.0392
1.0373
1.0353
1.0333
1.0313
1.0294
1.0274
1.0254
1.0235
1.0215
1.0196
1.0176
