100
101.8
103.59
105.36
107.13
108.88
110.63
112.36
114.08
115.79
117.49
119.18
120.86
122.53
124.19
125.84
127.48
129.1
130.72
132.33
133.92
135.51
137.09
138.65
140.21
141.76
143.29
144.82
146.34
147.85
149.34
150.83
152.31
153.78
155.24
156.69
158.13
159.56
160.99
162.4
163.8
165.2
166.59
167.96
169.33
170.69
172.04
173.38
174.71
176.04
177.35
178.66
179.96
181.25
182.53
183.8
185.06
186.32
187.57
188.81
190.04
191.26
192.48
193.68
194.88
196.07
197.25
198.43
199.59
200.75
201.9
203.05
204.18
205.31
206.43
207.54
208.64
209.74
210.83
211.91
212.99
214.06
215.12
216.17
217.21
218.25
219.28
220.31
221.32
222.33
223.34
224.33
225.32
226.3
227.28
228.24
229.2
230.16
231.11
232.05
232.98
233.91
234.83
235.74
236.65
237.55
238.45
239.34
240.22
241.09
241.96
242.83
243.68
244.53
245.38
246.22
247.05
247.87
248.69
249.51
250.31
251.12
251.91
252.7
253.48
254.26
255.04
255.8
256.56
257.32
258.07
258.81
259.55
260.28
261.01
261.73
262.44
263.15
263.86
264.56
265.25
265.94
266.62
267.3
267.97
268.64
269.3
269.96
270.61
271.26
271.9
272.54
273.17
273.79
274.41
275.03
275.64
276.25
276.85
277.45
278.04
278.62
279.21
279.78
280.36
280.92
281.49
282.04
282.6
283.15
283.69
284.23
284.77
285.3
285.82
286.35
286.86
287.38
287.88
288.39
288.89
289.38
289.87
290.36
290.84
291.32
291.8
292.27
292.73
293.19
293.65
294.1
294.55
295
295.44
295.88
296.31
296.74
297.16
297.58
298
298.42
298.82
299.23
299.63
300.03
300.42
300.81
301.2
301.58
301.96
302.34
302.71
303.08
303.44
303.8
304.16
304.52
304.87
305.21
305.56
305.9
306.23
306.57
306.89
307.22
307.54
307.86
308.18
308.49
308.8
309.11
309.41
309.71
310
310.3
310.59
310.87
311.16
311.44
311.71
311.99
312.26
312.53
312.79
313.05
313.31
313.57
313.82
314.07
314.31
314.56
314.8
315.03
315.27
315.5
315.73
315.96
316.18
316.4
316.62
316.83
317.04
317.25
317.46
317.66
317.86
318.06
318.26
318.45
318.64
318.83
319.01
319.2
319.38
319.55
319.73
319.9
320.07
320.24
320.4
320.56
320.72
320.88
321.03
321.19
321.34
321.48
321.63
321.77
321.91
322.05
322.18
322.32
322.45
322.57
322.7
322.82
322.95
323.06
323.18
323.3
323.41
323.52
323.63
323.73
323.84
323.94
324.04
324.13
324.23
324.32
324.41
324.5
324.59
324.67
324.76
324.84
324.92
324.99
325.07
325.14
325.21
325.28
325.35
325.41
325.47
325.53
325.59
325.65
325.7
325.76
325.81
325.86
325.91
325.95
326
326.04
326.08
326.12
326.15
326.19
326.22
326.25
326.28
326.31
326.34
326.36
326.39
326.41
326.43
326.44
326.46
326.47
326.49
326.5
326.51
326.52
326.52
326.53
326.53
326.53
326.53
326.53
326.53
326.52
326.52
326.51
326.5
326.49
326.48
326.46
326.45
326.43
326.41
326.39
326.37
326.35
326.33
326.3
326.27
326.25
326.22
326.19
326.15
326.12
326.09
326.05
326.01
325.97
325.93
325.89
325.85
325.8
325.76
325.71
325.66
325.61
325.56
325.51
325.46
325.4
325.35
325.29
325.23
325.17
325.11
325.05
324.99
324.92
324.86
324.79
324.72
324.66
324.59
324.51
324.44
324.37
324.3
324.22
324.14
324.07
323.99
323.91
323.83
323.74
323.66
323.58
323.49
323.41
323.32
323.23
323.14
323.05
322.96
322.87
322.77
322.68
322.58
322.49
322.39
322.29
322.19
322.09
321.99
321.89
321.79
321.68
321.58
321.47
321.36
321.26
321.15
321.04
320.93
320.82
320.71
320.59
320.48
320.36
320.25
320.13
320.02
319.9
319.78
319.66
319.54
319.42
319.3
319.17
319.05
318.92
318.8
318.67
318.55
318.42
318.29
318.16
318.03
317.9
317.77
317.64
317.5
317.37
317.24
317.1
316.97
316.83
316.69
316.55
316.41
316.28
316.14
315.99
315.85
315.71
315.57
315.43
315.28
315.14
314.99
314.85
314.7
314.55
314.4
314.25
314.11
313.96
313.81
313.65
313.5
313.35
313.2
313.04
312.89
312.74
312.58
312.42
312.27
312.11
311.95
311.8
311.64
311.48
311.32
311.16
311
310.84
310.67
310.51
310.35
310.19
310.02
309.86
309.69
309.53
309.36
309.19
309.03
308.86
308.69
308.52
308.35
308.18
308.01
307.84
307.67
307.5
307.33
307.16
306.99
306.81
306.64
306.46
306.29
306.12
305.94
305.76
305.59
305.41
305.23
305.06
304.88
304.7
304.52
304.34
304.16
303.98
303.8
303.62
303.44
303.26
303.08
302.9
302.71
302.53
302.35
302.16
301.98
301.8
301.61
301.43
301.24
301.05
300.87
300.68
300.5
300.31
300.12
299.93
299.74
299.56
299.37
299.18
298.99
298.8
298.61
298.42
298.23
298.04
297.85
297.65
297.46
297.27
297.08
296.89
296.69
296.5
296.31
296.11
295.92
295.72
295.53
295.33
295.14
294.94
294.75
294.55
294.36
294.16
293.96
293.77
293.57
293.37
293.17
292.97
292.78
292.58
292.38
292.18
291.98
291.78
291.58
291.38
291.18
290.98
290.78
290.58
290.38
290.18
289.98
289.78
289.58
289.37
289.17
288.97
288.77
288.57
288.36
288.16
287.96
287.75
287.55
287.35
287.14
286.94
286.73
286.53
286.32
286.12
285.92
285.71
285.51
285.3
285.09
284.89
284.68
284.48
284.27
284.06
283.86
283.65
283.45
283.24
283.03
282.82
282.62
282.41
282.2
281.99
281.79
281.58
281.37
281.16
280.95
280.75
280.54
280.33
280.12
279.91
279.7
279.49
279.28
279.08
278.87
278.66
278.45
278.24
278.03
277.82
277.61
277.4
277.19
276.98
276.77
276.56
276.35
276.14
275.93
275.71
275.5
275.29
275.08
274.87
274.66
274.45
274.24
274.03
273.81
273.6
273.39
273.18
272.97
272.76
272.55
272.33
272.12
271.91
271.7
271.49
271.27
271.06
270.85
270.64
270.42
270.21
270
269.79
269.58
269.36
269.15
268.94
268.73
268.51
268.3
268.09
267.87
267.66
267.45
267.24
267.02
266.81
266.6
266.38
266.17
265.96
265.75
265.53
265.32
265.11
264.89
264.68
264.47
264.25
264.04
263.83
263.61
263.4
263.19
262.98
262.76
262.55
262.34
262.12
261.91
261.7
261.48
261.27
261.06
260.84
260.63
260.42
260.2
259.99
259.78
259.56
259.35
259.14
258.92
258.71
258.5
258.29
258.07
257.86
257.65
257.43
257.22
257.01
256.79
256.58
256.37
256.16
255.94
255.73
255.52
255.3
255.09
254.88
254.67
254.45
254.24
254.03
253.82
253.6
253.39
253.18
252.97
252.75
252.54
252.33
252.12
251.9
251.69
251.48
251.27
251.06
250.84
250.63
250.42
250.21
250
249.79
249.57
249.36
249.15
248.94
248.73
248.52
248.3
248.09
247.88
247.67
247.46
247.25
247.04
246.83
246.61
246.4
246.19
245.98
245.77
245.56
245.35
245.14
244.93
244.72
244.51
244.3
244.09
243.88
243.67
243.46
243.25
243.04
242.83
242.62
242.41
242.2
241.99
241.78
241.57
241.36
241.15
240.94
240.73
240.52
240.31
240.11
239.9
239.69
239.48
239.27
239.06
238.85
238.64
238.44
238.23
238.02
237.81
237.6
237.4
237.19
236.98
236.77
236.57
236.36
236.15
235.94
235.74
235.53
235.32
235.12
234.91
234.7
234.49
234.29
234.08
233.88
233.67
233.46
233.26
233.05
232.84
232.64
232.43
232.23
232.02
231.82
231.61
231.41
231.2
231
230.79
230.59
230.38
230.18
229.97
229.77
229.56
229.36
229.15
228.95
228.75
228.54
228.34
228.13
227.93
227.73
227.52
227.32
227.12
226.91
226.71
226.51
226.3
226.1
225.9
225.7
225.49
225.29
225.09
224.89
224.69
224.48
224.28
224.08
223.88
223.68
223.48
223.28
223.07
222.87
222.67
222.47
222.27
222.07
221.87
221.67
221.47
221.27
221.07
220.87
220.67
220.47
220.27
220.07
219.87
219.67
219.47
219.27
219.08
218.88
218.68
218.48
218.28
218.08
217.89
217.69
217.49
217.29
217.09
216.9
216.7
216.5
216.3
216.11
215.91
215.71
215.52
215.32
215.12
214.93
214.73
214.53
214.34
214.14
213.95
213.75
213.56
213.36
213.17
212.97
212.77
212.58
212.39
212.19
212
211.8
211.61
211.41
211.22
211.03
210.83
210.64
210.44
210.25
210.06
209.86
209.67
209.48
209.29
209.09
208.9
208.71
208.52
208.32
208.13
207.94
207.75
207.56
207.36
207.17
206.98
206.79
206.6
206.41
206.22
206.03
205.84
205.65
205.46
205.27
205.08
204.89
204.7
204.51
204.32
204.13
203.94
203.75
203.56
203.37
203.18
202.99
202.81
202.62
202.43
202.24
202.05
201.87
201.68
201.49
201.3
201.12
200.93
200.74
200.55
200.37
200.18
199.99
199.81
199.62
199.44
199.25
199.06
198.88
198.69
198.51
198.32
198.14
197.95
197.77
197.58
197.4
197.21
197.03
196.84
196.66
196.48
196.29
196.11
195.93
195.74
195.56
195.38
195.19
195.01
194.83
194.64
194.46
194.28
194.1
193.92
193.73
193.55
193.37
193.19
193.01
192.83
192.64
192.46
192.28
192.1
191.92
191.74
191.56
191.38
191.2
191.02
190.84
190.66
190.48
190.3
190.12
189.94
189.77
189.59
189.41
189.23
189.05
188.87
188.69
188.52
188.34
188.16
187.98
187.81
187.63
187.45
187.27
187.1
186.92
186.74
186.57
186.39
186.21
186.04
185.86
185.69
185.51
185.34
185.16
184.98
184.81
184.63
184.46
184.29
184.11
183.94
183.76
183.59
183.41
183.24
183.07
182.89
182.72
182.55
182.37
182.2
182.03
181.85
181.68
181.51
181.34
181.16
180.99
180.82
180.65
180.48
180.3
180.13
179.96
179.79
179.62
179.45
179.28
179.11
178.94
178.77
178.6
178.43
178.26
178.09
177.92
177.75
177.58
177.41
177.24
177.07
176.9
176.73
176.57
176.4
176.23
176.06
175.89
175.72
175.56
175.39
175.22
175.05
174.89
174.72
174.55
174.39
174.22
174.05
173.89
173.72
173.56
173.39
173.22
173.06
172.89
172.73
172.56
172.4
172.23
172.07
171.9
171.74
171.57
171.41
171.24
171.08
170.92
170.75
170.59
170.43
170.26
170.1
169.94
169.77
169.61
169.45
169.29
169.12
168.96
168.8
168.64
168.47
168.31
168.15
167.99
167.83
167.67
167.51
167.35
167.19
167.02
166.86
166.7
166.54
166.38
166.22
166.06
165.9
165.74
165.59
165.43
165.27
165.11
164.95
164.79
164.63
164.47
164.32
164.16
164
163.84
163.68
163.53
163.37
163.21
163.05
162.9
162.74
162.58
162.43
162.27
162.11
161.96
161.8
161.65
161.49
161.33
161.18
161.02
160.87
160.71
160.56
160.4
160.25
160.09
159.94
159.78
159.63
159.48
159.32
159.17
159.01
158.86
158.71
158.55
158.4
158.25
158.09
157.94
157.79
157.64
157.48
157.33
157.18
157.03
156.88
156.72
156.57
156.42
156.27
156.12
155.97
155.82
155.67
155.51
155.36
155.21
155.06
154.91
154.76
154.61
154.46
154.31
154.16
154.02
153.87
153.72
153.57
153.42
153.27
153.12
152.97
152.83
152.68
152.53
152.38
152.23
152.09
151.94
151.79
151.64
151.5
151.35
151.2
151.06
150.91
150.76
150.62
150.47
150.32
150.18
150.03
149.89
149.74
149.6
149.45
149.31
149.16
149.02
148.87
148.73
148.58
148.44
148.29
148.15
148.01
147.86
147.72
147.57
147.43
147.29
147.14
147
146.86
146.72
146.57
146.43
146.29
146.15
146
145.86
145.72
145.58
145.44
145.29
145.15
145.01
144.87
144.73
144.59
144.45
144.31
144.17
144.03
143.89
143.75
143.61
143.47
143.33
143.19
143.05
142.91
142.77
142.63
142.49
142.35
142.21
142.07
141.94
141.8
141.66
141.52
141.38
141.24
141.11
140.97
140.83
140.69
140.56
140.42
140.28
140.15
140.01
139.87
139.74
139.6
139.46
139.33
139.19
139.06
138.92
138.78
138.65
138.51
138.38
138.24
138.11
137.97
137.84
137.7
137.57
137.43
137.3
137.17
137.03
136.9
136.76
136.63
136.5
136.36
136.23
136.1
135.96
135.83
135.7
135.57
135.43
135.3
135.17
135.04
134.9
134.77
134.64
134.51
134.38
134.25
134.12
133.98
133.85
133.72
133.59
133.46
133.33
133.2
133.07
132.94
132.81
132.68
132.55
132.42
132.29
132.16
132.03
131.9
131.77
131.64
131.51
131.38
131.26
131.13
131
130.87
130.74
130.61
130.49
130.36
130.23
130.1
129.98
129.85
129.72
129.59
129.47
129.34
129.21
129.09
128.96
128.83
128.71
128.58
128.46
128.33
128.2
128.08
127.95
127.83
127.7
127.58
127.45
127.33
127.2
127.08
126.95
126.83
126.7
126.58
126.45
126.33
126.21
126.08
125.96
125.83
125.71
125.59
125.46
125.34
125.22
125.1
124.97
124.85
124.73
124.6
124.48
124.36
124.24
124.12
123.99
123.87
123.75
123.63
123.51
123.39
123.26
123.14
123.02
122.9
122.78
122.66
122.54
122.42
122.3
122.18
122.06
121.94
121.82
121.7
121.58
121.46
121.34
121.22
121.1
120.98
120.86
120.75
120.63
120.51
120.39
120.27
120.15
120.03
119.92
119.8
119.68
119.56
119.45
119.33
119.21
119.09
118.98
118.86
118.74
118.63
118.51
118.39
118.28
118.16
118.04
117.93
117.81
117.69
117.58
117.46
117.35
117.23
117.12
117
116.89
116.77
116.66
116.54
116.43
116.31
116.2
116.08
115.97
115.85
115.74
115.63
115.51
115.4
115.28
115.17
115.06
114.94
114.83
114.72
114.61
114.49
114.38
114.27
114.15
114.04
113.93
113.82
113.7
113.59
113.48
113.37
113.26
113.15
113.03
112.92
112.81
112.7
112.59
112.48
112.37
112.26
112.15
112.04
111.92
111.81
111.7
111.59
111.48
111.37
111.26
111.15
111.04
110.94
110.83
110.72
110.61
110.5
110.39
110.28
110.17
110.06
109.95
109.85
109.74
109.63
109.52
109.41
109.3
109.2
109.09
108.98
108.87
108.77
108.66
108.55
108.44
108.34
108.23
108.12
108.02
107.91
107.8
107.7
107.59
107.49
107.38
107.27
107.17
107.06
106.96
106.85
106.74
106.64
106.53
106.43
106.32
106.22
106.11
106.01
105.9
105.8
105.69
105.59
105.49
105.38
105.28
105.17
105.07
104.97
104.86
104.76
104.66
104.55
104.45
104.35
104.24
104.14
104.04
103.93
103.83
103.73
103.63
103.52
103.42
103.32
103.22
103.11
103.01
102.91
102.81
102.71
102.61
102.5
102.4
102.3
102.2
102.1
102
101.9
101.8
101.7
101.6
101.5
101.4
101.3
101.2
101.1
101
100.9
100.8
100.7
100.6
100.5
100.4
100.3
100.2
100.1
100
99.902
99.803
99.704
99.606
99.507
99.409
99.31
99.212
99.114
99.016
98.918
98.82
98.722
98.625
98.527
98.429
98.332
98.235
98.138
98.04
97.943
97.847
97.75
97.653
97.556
97.46
97.363
97.267
97.171
97.074
96.978
96.882
96.787
96.691
96.595
96.499
96.404
96.308
96.213
96.118
96.023
95.928
95.833
95.738
95.643
95.548
95.454
95.359
95.265
95.17
95.076
94.982
94.888
94.794
94.7
94.606
94.513
94.419
94.326
94.232
94.139
94.046
93.952
93.859
93.766
93.674
93.581
93.488
93.395
93.303
93.211
93.118
93.026
92.934
92.842
92.75
92.658
92.566
92.474
92.383
92.291
92.2
92.108
92.017
91.926
91.835
91.744
91.653
91.562
91.471
91.381
91.29
91.2
91.109
91.019
90.929
90.839
90.749
90.659
90.569
90.479
90.389
90.3
90.21
90.121
90.032
89.942
89.853
89.764
89.675
89.586
89.497
89.409
89.32
89.232
89.143
89.055
88.966
88.878
88.79
88.702
88.614
88.526
88.439
88.351
88.263
88.176
88.088
88.001
87.914
87.826
87.739
87.652
87.565
87.479
87.392
87.305
87.219
87.132
87.046
86.959
86.873
86.787
86.701
86.615
86.529
86.443
86.357
86.272
86.186
86.101
86.015
85.93
85.845
85.76
85.674
85.589
85.505
85.42
85.335
85.25
85.166
85.081
84.997
84.913
84.828
84.744
84.66
84.576
84.492
84.408
84.325
84.241
84.157
84.074
83.99
83.907
83.824
83.741
83.657
83.574
83.491
83.409
83.326
83.243
83.161
83.078
82.996
82.913
82.831
82.749
82.667
82.585
82.503
82.421
82.339
82.257
82.175
82.094
82.012
81.931
81.85
81.768
81.687
81.606
81.525
81.444
