500
500
500
500
500
500
500
500
500
500
500
500
500
500
500
500
500
500
500
500
500
500
500
500
500
500
500
500
499.99
499.99
499.99
499.99
499.99
499.99
499.99
499.99
499.99
499.98
499.98
499.98
499.98
499.98
499.98
499.97
499.97
499.97
499.96
499.96
499.96
499.95
499.95
499.95
499.94
499.94
499.93
499.93
499.92
499.92
499.91
499.91
499.9
499.89
499.89
499.88
499.87
499.87
499.86
499.85
499.84
499.83
499.82
499.81
499.8
499.79
499.78
499.77
499.75
499.74
499.73
499.72
499.7
499.69
499.67
499.66
499.64
499.62
499.61
499.59
499.57
499.55
499.53
499.51
499.49
499.47
499.45
499.43
499.41
499.38
499.36
499.33
499.31
499.28
499.25
499.23
499.2
499.17
499.14
499.11
499.08
499.04
499.01
498.98
498.94
498.91
498.87
498.83
498.79
498.75
498.71
498.67
498.63
498.59
498.55
498.5
498.46
498.41
498.36
498.31
498.27
498.22
498.16
498.11
498.06
498
497.95
497.89
497.83
497.78
497.72
497.66
497.59
497.53
497.47
497.4
497.33
497.27
497.2
497.13
497.06
496.98
496.91
496.84
496.76
496.68
496.6
496.52
496.44
496.36
496.28
496.19
496.11
496.02
495.93
495.84
495.75
495.65
495.56
495.46
495.37
495.27
495.17
495.07
494.97
494.86
494.76
494.65
494.54
494.43
494.32
494.21
494.09
493.98
493.86
493.74
493.62
493.5
493.38
493.25
493.12
493
492.87
492.74
492.6
492.47
492.33
492.2
492.06
491.92
491.77
491.63
491.49
491.34
491.19
491.04
490.89
490.73
490.58
490.42
490.26
490.1
489.94
489.78
489.61
489.45
489.28
489.11
488.94
488.76
488.59
488.41
488.23
488.05
487.87
487.68
487.5
487.31
487.12
486.93
486.74
486.54
486.35
486.15
485.95
485.75
485.54
485.34
485.13
484.92
484.71
484.5
484.28
484.07
483.85
483.63
483.41
483.19
482.96
482.73
482.51
482.28
482.04
481.81
481.57
481.34
481.1
480.86
480.61
480.37
480.12
479.87
479.62
479.37
479.12
478.86
478.6
478.34
478.08
477.82
477.55
477.29
477.02
476.75
476.48
476.2
475.93
475.65
475.37
475.09
474.8
474.52
474.23
473.94
473.65
473.36
473.07
472.77
472.47
472.17
471.87
471.57
471.27
470.96
470.65
470.34
470.03
469.71
469.4
469.08
468.76
468.44
468.12
467.79
467.47
467.14
466.81
466.48
466.15
465.81
465.47
465.14
464.8
464.45
464.11
463.76
463.42
463.07
462.72
462.37
462.01
461.66
461.3
460.94
460.58
460.22
459.85
459.49
459.12
458.75
458.38
458.01
457.63
457.26
456.88
456.5
456.12
455.74
455.35
454.97
454.58
454.19
453.8
453.41
453.02
452.62
452.22
451.83
451.43
451.02
450.62
450.22
449.81
449.4
448.99
448.58
448.17
447.76
447.34
446.92
446.51
446.09
445.66
445.24
444.82
444.39
443.97
443.54
443.11
442.68
442.24
441.81
441.37
440.94
440.5
440.06
439.62
439.17
438.73
438.28
437.84
437.39
436.94
436.49
436.04
435.58
435.13
434.67
434.21
433.75
433.29
432.83
432.37
431.91
431.44
430.98
430.51
430.04
429.57
429.1
428.62
428.15
427.68
427.2
426.72
426.24
425.76
425.28
424.8
424.32
423.83
423.35
422.86
422.37
421.89
421.4
420.91
420.41
419.92
419.43
418.93
418.43
417.94
417.44
416.94
416.44
415.94
415.43
414.93
414.43
413.92
413.42
412.91
412.4
411.89
411.38
410.87
410.36
409.84
409.33
408.82
408.3
407.78
407.27
406.75
406.23
405.71
405.19
404.67
404.14
403.62
403.1
402.57
402.04
401.52
400.99
400.46
399.93
399.4
398.87
398.34
397.81
397.28
396.74
396.21
395.68
395.14
394.6
394.07
393.53
392.99
392.45
391.91
391.37
390.83
390.29
389.75
389.21
388.66
388.12
387.58
387.03
386.48
385.94
385.39
384.84
384.3
383.75
383.2
382.65
382.1
381.55
381
380.45
379.9
379.34
378.79
378.24
377.68
377.13
376.58
376.02
375.47
374.91
374.35
373.8
373.24
372.68
372.13
371.57
371.01
370.45
369.89
369.33
368.77
368.21
367.65
367.09
366.53
365.97
365.41
364.84
364.28
363.72
363.16
362.59
362.03
361.47
360.9
360.34
359.77
359.21
358.65
358.08
357.52
356.95
356.38
355.82
355.25
354.69
354.12
353.56
352.99
352.42
351.86
351.29
350.72
350.16
349.59
349.02
348.45
347.89
347.32
346.75
346.18
345.62
345.05
344.48
343.91
343.35
342.78
342.21
341.64
341.07
340.51
339.94
339.37
338.8
338.23
337.67
337.1
336.53
335.96
335.4
334.83
334.26
333.69
333.13
332.56
331.99
331.42
330.86
330.29
329.72
329.16
328.59
328.02
327.46
326.89
326.33
325.76
325.19
324.63
324.06
323.5
322.93
322.37
321.8
321.24
320.67
320.11
319.54
318.98
318.42
317.85
317.29
316.73
316.17
315.6
315.04
314.48
313.92
313.36
312.79
312.23
311.67
311.11
310.55
309.99
309.43
308.87
308.31
307.76
307.2
306.64
306.08
305.52
304.97
304.41
303.85
303.3
302.74
302.19
301.63
301.08
300.52
299.97
299.41
298.86
298.31
297.75
297.2
296.65
296.1
295.55
295
294.45
293.9
293.35
292.8
292.25
291.7
291.15
290.61
290.06
289.51
288.97
288.42
287.88
287.33
286.79
286.24
285.7
285.16
284.61
284.07
283.53
282.99
282.45
281.91
281.37
280.83
280.29
279.75
279.21
278.68
278.14
277.6
277.07
276.53
276
275.46
274.93
274.4
273.87
273.33
272.8
272.27
271.74
271.21
270.68
270.15
269.62
269.1
268.57
268.04
267.52
266.99
266.47
265.94
265.42
264.89
264.37
263.85
263.33
262.81
262.29
261.77
261.25
260.73
260.21
259.69
259.18
258.66
258.15
257.63
257.12
256.6
256.09
255.58
255.06
254.55
254.04
253.53
253.02
252.51
252.01
251.5
250.99
250.49
249.98
249.47
248.97
248.47
247.96
247.46
246.96
246.46
245.96
245.46
244.96
244.46
243.96
243.46
242.97
242.47
241.98
241.48
240.99
240.49
240
239.51
239.02
238.53
238.04
237.55
237.06
236.57
236.09
235.6
235.11
234.63
234.14
233.66
233.18
232.69
232.21
231.73
231.25
230.77
230.29
229.81
229.34
228.86
228.38
227.91
227.43
226.96
226.49
226.01
225.54
225.07
224.6
224.13
223.66
223.19
222.73
222.26
221.79
221.33
220.86
220.4
219.93
219.47
219.01
218.55
218.09
217.63
217.17
216.71
216.25
215.8
215.34
214.88
214.43
213.98
213.52
213.07
212.62
212.17
211.72
211.27
210.82
210.37
209.92
209.48
209.03
208.59
208.14
207.7
207.25
206.81
206.37
205.93
205.49
205.05
204.61
204.17
203.74
203.3
202.86
202.43
202
201.56
201.13
200.7
200.27
199.84
199.41
198.98
198.55
198.12
197.7
197.27
196.84
196.42
196
195.57
195.15
194.73
194.31
193.89
193.47
193.05
192.63
192.22
191.8
191.38
190.97
190.55
190.14
189.73
189.32
188.91
188.5
188.09
187.68
187.27
186.86
186.45
186.05
185.64
185.24
184.84
184.43
184.03
183.63
183.23
182.83
182.43
182.03
181.63
181.24
180.84
180.44
180.05
179.66
179.26
178.87
178.48
178.09
177.7
177.31
176.92
176.53
176.14
175.76
175.37
174.99
174.6
174.22
173.83
173.45
173.07
172.69
172.31
171.93
171.55
171.17
170.8
170.42
170.05
169.67
169.3
168.92
168.55
168.18
167.81
167.44
167.07
166.7
166.33
165.96
165.6
165.23
164.86
164.5
164.13
163.77
163.41
163.05
162.69
162.33
161.97
161.61
161.25
160.89
160.54
160.18
159.82
159.47
159.12
158.76
158.41
158.06
157.71
157.36
157.01
156.66
156.31
155.96
155.62
155.27
154.92
154.58
154.24
153.89
153.55
153.21
152.87
152.53
152.19
151.85
151.51
151.17
150.84
150.5
150.16
149.83
149.5
149.16
148.83
148.5
148.17
147.84
147.51
147.18
146.85
146.52
146.19
145.87
145.54
145.22
144.89
144.57
144.25
143.92
143.6
143.28
142.96
142.64
142.32
142
141.69
141.37
141.05
140.74
140.42
140.11
139.79
139.48
139.17
138.86
138.55
138.24
137.93
137.62
137.31
137
136.7
136.39
136.09
135.78
135.48
135.17
134.87
134.57
134.27
133.97
133.66
133.37
133.07
132.77
132.47
132.17
131.88
131.58
131.29
130.99
130.7
130.41
130.11
129.82
129.53
129.24
128.95
128.66
128.37
128.08
127.8
127.51
127.22
126.94
126.65
126.37
126.09
125.8
125.52
125.24
124.96
124.68
124.4
124.12
123.84
123.56
123.29
123.01
122.73
122.46
122.18
121.91
121.64
121.36
121.09
120.82
120.55
120.28
120.01
119.74
119.47
119.2
118.93
118.67
118.4
118.14
117.87
117.61
117.34
117.08
116.82
116.56
116.29
116.03
115.77
115.51
115.25
115
114.74
114.48
114.22
113.97
113.71
113.46
113.2
112.95
112.7
112.44
112.19
111.94
111.69
111.44
111.19
110.94
110.69
110.44
110.2
109.95
109.7
109.46
109.21
108.97
108.72
108.48
108.24
108
107.75
107.51
107.27
107.03
106.79
106.55
106.32
106.08
105.84
105.6
105.37
105.13
104.9
104.66
104.43
104.19
103.96
103.73
103.5
103.27
103.04
102.81
102.58
102.35
102.12
101.89
101.66
101.44
101.21
100.98
100.76
100.53
100.31
100.08
99.861
99.639
99.417
99.195
98.974
98.753
98.533
98.313
98.094
97.876
97.658
97.44
97.223
97.007
96.791
96.575
96.36
96.146
95.932
95.718
95.505
95.293
95.081
94.87
94.659
94.448
94.238
94.029
93.82
93.612
93.404
93.196
92.989
92.783
92.577
92.372
92.167
91.962
91.758
91.555
91.352
91.149
90.947
90.745
90.544
90.344
90.144
89.944
89.745
89.546
89.348
89.15
88.953
88.756
88.56
88.364
88.169
87.974
87.779
87.585
87.392
87.199
87.006
86.814
86.623
86.431
86.241
86.05
85.861
85.671
85.482
85.294
85.106
84.919
84.731
84.545
84.359
84.173
83.988
83.803
83.619
83.435
83.251
83.068
82.885
82.703
82.522
82.34
82.16
81.979
81.799
81.62
81.441
81.262
81.084
80.906
80.729
80.552
80.375
80.199
80.024
79.848
79.674
79.499
79.325
79.152
78.979
78.806
78.634
78.462
78.291
78.12
77.949
77.779
77.609
77.44
77.271
77.103
76.934
76.767
76.599
76.433
76.266
76.1
75.935
75.769
75.604
75.44
75.276
75.112
74.949
74.786
74.624
74.462
74.3
74.139
73.978
73.818
73.658
73.498
73.339
73.18
73.022
72.863
72.706
72.548
72.392
72.235
72.079
71.923
71.768
71.613
71.458
71.304
71.15
70.996
70.843
70.691
70.538
70.386
70.235
70.083
69.933
69.782
69.632
69.482
69.333
69.184
69.035
68.887
68.739
68.591
68.444
68.297
68.151
68.005
67.859
67.714
67.569
67.424
67.28
67.136
66.992
66.849
66.706
66.563
66.421
66.279
66.138
65.997
65.856
65.716
65.576
65.436
65.296
65.157
65.019
64.88
64.742
64.605
64.467
64.33
64.194
64.057
63.921
63.786
63.65
63.515
63.381
63.246
63.112
62.979
62.845
62.712
62.58
62.447
62.315
62.184
62.052
61.921
61.791
61.66
61.53
61.401
61.271
61.142
61.013
60.885
60.757
60.629
60.502
60.374
60.248
60.121
59.995
59.869
59.743
59.618
59.493
59.368
59.244
59.12
58.996
58.873
58.75
58.627
58.504
58.382
58.26
58.139
58.017
57.896
57.776
57.655
57.535
57.415
57.296
57.177
57.058
56.939
56.821
56.703
56.585
56.468
56.35
56.234
56.117
56.001
55.885
55.769
55.654
55.539
55.424
55.309
55.195
55.081
54.967
54.854
54.741
54.628
54.515
54.403
54.291
54.179
54.068
53.957
53.846
53.735
53.625
53.515
53.405
53.295
53.186
53.077
52.968
52.86
52.752
52.644
52.536
52.429
52.322
52.215
52.109
52.002
51.896
51.79
51.685
51.58
51.475
51.37
51.266
51.161
51.057
50.954
50.85
50.747
50.644
50.542
50.439
50.337
50.235
50.134
50.032
49.931
49.83
49.73
49.629
49.529
49.429
49.33
49.23
49.131
49.032
48.934
48.835
48.737
48.639
48.542
48.444
48.347
48.25
48.154
48.057
47.961
47.865
47.769
47.674
47.579
47.484
47.389
47.294
47.2
47.106
47.012
46.918
46.825
46.732
46.639
46.546
46.454
46.362
46.27
46.178
46.087
45.995
45.904
45.813
45.723
45.632
45.542
45.452
45.363
45.273
45.184
45.095
45.006
44.917
44.829
44.741
44.653
44.565
44.478
44.39
44.303
44.216
44.13
44.043
43.957
43.871
43.785
43.7
43.615
43.529
43.445
43.36
43.275
43.191
43.107
43.023
42.939
42.856
42.773
42.69
42.607
42.524
42.442
42.36
42.278
42.196
42.114
42.033
41.952
41.871
41.79
41.709
41.629
41.549
41.469
41.389
41.309
41.23
41.151
41.072
40.993
40.914
40.836
40.757
40.679
40.602
40.524
40.446
40.369
40.292
40.215
40.139
40.062
39.986
39.91
39.834
39.758
39.682
39.607
39.532
39.457
39.382
39.307
39.233
39.159
39.085
39.011
38.937
38.864
38.79
38.717
38.644
38.571
38.499
38.426
38.354
38.282
38.21
38.138
38.067
37.996
37.924
37.853
37.782
37.712
37.641
37.571
37.501
37.431
37.361
37.292
37.222
37.153
37.084
37.015
36.946
36.877
36.809
36.741
36.673
36.605
36.537
36.469
36.402
36.335
36.268
36.201
36.134
36.068
36.001
35.935
35.869
35.803
35.737
35.671
35.606
35.541
35.476
35.411
35.346
35.281
35.217
35.152
35.088
35.024
34.96
34.897
34.833
34.77
34.707
34.644
34.581
34.518
34.455
34.393
34.331
34.269
34.207
34.145
34.083
34.022
33.96
33.899
33.838
33.777
33.716
33.656
33.595
33.535
33.475
33.415
33.355
33.295
33.235
33.176
33.117
33.057
32.998
32.94
32.881
32.822
32.764
32.706
32.648
32.59
32.532
32.474
32.416
32.359
32.302
32.245
32.188
32.131
32.074
32.017
31.961
31.905
31.848
31.792
31.736
31.681
31.625
31.57
31.514
31.459
31.404
31.349
31.294
31.24
31.185
31.131
31.076
31.022
30.968
30.914
30.861
30.807
30.753
30.7
30.647
30.594
30.541
30.488
30.435
30.383
30.33
30.278
30.226
30.174
30.122
30.07
30.018
29.967
29.915
29.864
29.813
29.762
29.711
29.66
29.609
29.559
29.508
29.458
29.408
29.358
29.308
29.258
29.208
29.159
29.109
29.06
29.011
28.961
28.912
28.864
28.815
28.766
28.718
28.669
28.621
28.573
28.525
28.477
28.429
28.381
28.334
28.286
28.239
28.192
28.145
28.098
28.051
28.004
27.957
27.911
27.864
27.818
27.772
27.726
27.68
27.634
27.588
27.542
27.497
27.451
27.406
27.361
27.316
27.271
27.226
27.181
27.136
27.092
27.047
27.003
26.959
26.915
26.871
26.827
26.783
26.739
26.696
26.652
26.609
26.565
26.522
26.479
26.436
26.393
26.351
26.308
26.265
26.223
26.181
26.138
26.096
26.054
26.012
25.97
25.929
25.887
25.845
25.804
25.763
25.721
25.68
25.639
25.598
25.557
25.517
25.476
25.435
25.395
25.354
25.314
25.274
25.234
25.194
25.154
25.114
25.075
25.035
24.995
24.956
24.917
24.878
24.838
24.799
24.76
24.722
24.683
24.644
24.606
24.567
24.529
24.49
24.452
24.414
24.376
24.338
24.3
24.263
24.225
24.187
24.15
24.113
24.075
24.038
24.001
23.964
23.927
23.89
23.853
23.817
23.78
23.744
23.707
23.671
23.635
23.598
23.562
23.526
23.49
23.455
23.419
23.383
23.348
23.312
23.277
23.242
23.206
23.171
23.136
23.101
23.066
23.031
22.997
22.962
22.928
22.893
22.859
22.824
22.79
22.756
22.722
22.688
22.654
22.62
22.586
22.553
22.519
22.486
22.452
22.419
22.386
22.352
22.319
22.286
22.253
22.22
22.188
22.155
22.122
22.09
22.057
22.025
21.992
21.96
21.928
21.896
21.864
21.832
21.8
21.768
21.736
21.705
21.673
21.642
21.61
21.579
21.548
21.516
21.485
21.454
21.423
21.392
21.361
21.331
21.3
21.269
21.239
21.208
21.178
21.147
21.117
21.087
21.057
21.027
20.997
20.967
20.937
20.907
20.877
20.848
20.818
20.789
20.759
20.73
20.701
20.671
20.642
20.613
20.584
20.555
20.526
20.497
20.469
20.44
20.411
20.383
20.354
20.326
20.298
20.269
20.241
20.213
20.185
20.157
20.129
20.101
20.073
