500
500
500
500
500
500
499.99
499.99
499.99
499.98
499.97
499.97
499.96
499.94
499.93
499.92
499.9
499.88
499.86
499.83
499.8
499.77
499.74
499.7
499.66
499.62
499.58
499.53
499.47
499.42
499.36
499.29
499.22
499.15
499.08
499
498.91
498.82
498.73
498.63
498.53
498.42
498.31
498.19
498.07
497.94
497.81
497.67
497.53
497.38
497.23
497.07
496.91
496.74
496.57
496.39
496.2
496.01
495.82
495.62
495.41
495.2
494.98
494.75
494.52
494.29
494.04
493.8
493.54
493.28
493.02
492.74
492.47
492.18
491.89
491.6
491.3
490.99
490.68
490.36
490.03
489.7
489.36
489.02
488.67
488.32
487.95
487.59
487.21
486.84
486.45
486.06
485.66
485.26
484.85
484.44
484.02
483.59
483.16
482.73
482.28
481.83
481.38
480.92
480.45
479.98
479.51
479.02
478.54
478.04
477.54
477.04
476.53
476.02
475.5
474.97
474.44
473.9
473.36
472.82
472.27
471.71
471.15
470.58
470.01
469.43
468.85
468.27
467.68
467.08
466.48
465.88
465.27
464.65
464.04
463.41
462.78
462.15
461.52
460.88
460.23
459.58
458.93
458.27
457.61
456.94
456.27
455.6
454.92
454.24
453.55
452.87
452.17
451.48
450.77
450.07
449.36
448.65
447.94
447.22
446.5
445.77
445.04
444.31
443.58
442.84
442.1
441.35
440.6
439.85
439.1
438.34
437.58
436.82
436.06
435.29
434.52
433.74
432.97
432.19
431.41
430.62
429.84
429.05
428.26
427.46
426.67
425.87
425.07
424.27
423.46
422.65
421.85
421.03
420.22
419.41
418.59
417.77
416.95
416.13
415.3
414.48
413.65
412.82
411.99
411.16
410.32
409.48
408.65
407.81
406.97
406.13
405.28
404.44
403.59
402.75
401.9
401.05
400.2
399.35
398.49
397.64
396.79
395.93
395.07
394.22
393.36
392.5
391.64
390.78
389.91
389.05
388.19
387.32
386.46
385.59
384.73
383.86
382.99
382.13
381.26
380.39
379.52
378.65
377.78
376.91
376.04
375.17
374.3
373.43
372.56
371.69
370.81
369.94
369.07
368.2
367.33
366.45
365.58
364.71
363.84
362.96
362.09
361.22
360.35
359.48
358.6
357.73
356.86
355.99
355.12
354.25
353.38
352.51
351.64
350.77
349.9
349.03
348.16
347.29
346.43
345.56
344.69
343.83
342.96
342.1
341.23
340.37
339.5
338.64
337.78
336.92
336.06
335.2
334.34
333.48
332.62
331.76
330.9
330.05
329.19
328.34
327.49
326.63
325.78
324.93
324.08
323.23
322.38
321.53
320.69
319.84
319
318.15
317.31
316.47
315.63
314.79
313.95
313.11
312.27
311.44
310.6
309.77
308.93
308.1
307.27
306.44
305.61
304.79
303.96
303.14
302.31
301.49
300.67
299.85
299.03
298.21
297.39
296.58
295.77
294.95
294.14
293.33
292.52
291.71
290.91
290.1
289.3
288.5
287.69
286.89
286.1
285.3
284.5
283.71
282.91
282.12
281.33
280.54
279.75
278.97
278.18
277.4
276.62
275.84
275.06
274.28
273.5
272.73
271.95
271.18
270.41
269.64
268.87
268.11
267.34
266.58
265.82
265.06
264.3
263.54
262.79
262.03
261.28
260.53
259.78
259.03
258.28
257.54
256.79
256.05
255.31
254.57
253.83
253.1
252.36
251.63
250.9
250.17
249.44
248.71
247.99
247.27
246.54
245.82
245.1
244.39
243.67
242.96
242.25
241.53
240.82
240.12
239.41
238.71
238
237.3
236.6
235.9
235.21
234.51
233.82
233.13
232.44
231.75
231.06
230.38
229.69
229.01
228.33
227.65
226.97
226.3
225.62
224.95
224.28
223.61
222.95
222.28
221.61
220.95
220.29
219.63
218.97
218.32
217.66
217.01
216.36
215.71
215.06
214.41
213.77
213.13
212.48
211.84
211.21
210.57
209.93
209.3
208.67
208.04
207.41
206.78
206.16
205.53
204.91
204.29
203.67
203.05
202.44
201.82
201.21
200.6
199.99
199.38
198.78
198.17
197.57
196.97
196.37
195.77
195.17
194.58
193.98
193.39
192.8
192.21
191.62
191.04
190.45
189.87
189.29
188.71
188.13
187.56
186.98
186.41
185.84
185.27
184.7
184.13
183.57
183
182.44
181.88
181.32
180.77
180.21
179.66
179.1
178.55
178
177.45
176.91
176.36
175.82
175.28
174.73
174.2
173.66
173.12
172.59
172.05
171.52
170.99
170.46
169.94
169.41
168.89
168.37
167.84
167.33
166.81
166.29
165.78
165.26
164.75
164.24
163.73
163.22
162.72
162.21
161.71
161.21
160.71
160.21
159.71
159.21
158.72
158.23
157.73
157.24
156.76
156.27
155.78
155.3
154.82
154.33
153.85
153.37
152.9
152.42
151.95
151.47
151
150.53
150.06
149.6
149.13
148.66
148.2
147.74
147.28
146.82
146.36
145.9
145.45
145
144.54
144.09
143.64
143.19
142.75
142.3
141.86
141.41
140.97
140.53
140.09
139.66
139.22
138.78
138.35
137.92
137.49
137.06
136.63
136.2
135.78
135.35
134.93
134.51
134.09
133.67
133.25
132.83
132.42
132
131.59
131.18
130.77
130.36
129.95
129.55
129.14
128.74
128.33
127.93
127.53
127.13
126.73
126.34
125.94
125.55
125.16
124.76
124.37
123.98
123.6
123.21
122.82
122.44
122.06
121.67
121.29
120.91
120.53
120.16
119.78
119.41
119.03
118.66
118.29
117.92
117.55
117.18
116.81
116.45
116.08
115.72
115.36
115
114.64
114.28
113.92
113.57
113.21
112.86
112.5
112.15
111.8
111.45
111.1
110.75
110.41
110.06
109.72
109.38
109.03
108.69
108.35
108.01
107.68
107.34
107
106.67
106.34
106
105.67
105.34
105.01
104.69
104.36
104.03
103.71
103.38
103.06
102.74
102.42
102.1
101.78
101.46
101.15
100.83
100.52
100.2
99.889
99.577
99.267
98.957
98.648
98.341
98.034
97.729
97.424
97.12
96.818
96.516
96.215
95.915
95.617
95.319
95.022
94.726
94.431
94.137
93.844
93.552
93.261
92.971
92.682
92.393
92.106
91.82
91.534
91.249
90.966
90.683
90.401
90.12
89.84
89.561
89.283
89.006
88.73
88.454
88.18
87.906
87.633
87.362
87.091
86.821
86.551
86.283
86.016
85.749
85.483
85.219
84.955
84.691
84.429
84.168
83.907
83.648
83.389
83.131
82.874
82.618
82.362
82.108
81.854
81.601
81.349
81.098
80.847
80.598
80.349
80.101
79.854
79.607
79.362
79.117
78.873
78.63
78.388
78.146
77.905
77.666
77.426
77.188
76.951
76.714
76.478
76.243
76.008
75.774
75.542
75.309
75.078
74.847
74.618
74.389
74.16
73.933
73.706
73.48
73.254
73.03
72.806
72.583
72.361
72.139
71.918
71.698
71.479
71.26
71.042
70.825
70.608
70.392
70.177
69.963
69.749
69.536
69.324
69.112
68.902
68.691
68.482
68.273
68.065
67.858
67.651
67.445
67.24
67.035
66.831
66.628
66.425
66.223
66.022
65.822
65.622
65.422
65.224
65.026
64.828
64.632
64.436
64.241
64.046
63.852
63.659
63.466
63.274
63.082
62.891
62.701
62.512
62.323
62.134
61.947
61.76
61.573
61.388
61.202
61.018
60.834
60.651
60.468
60.286
60.104
59.923
59.743
59.563
59.384
59.206
59.028
58.85
58.674
58.498
58.322
58.147
57.973
57.799
57.626
57.453
57.281
57.11
56.939
56.768
56.598
56.429
56.261
56.093
55.925
55.758
55.592
55.426
55.26
55.096
54.932
54.768
54.605
54.442
54.28
54.119
53.958
53.797
53.637
53.478
53.319
53.161
53.003
52.846
52.689
52.533
52.378
52.222
52.068
51.914
51.76
51.607
51.455
51.302
51.151
51
50.849
50.699
50.55
50.401
50.252
50.104
49.957
49.81
49.663
49.517
49.371
49.226
49.082
48.938
48.794
48.651
48.508
48.366
48.224
48.083
47.942
47.802
47.662
47.522
47.384
47.245
47.107
46.97
46.832
46.696
46.56
46.424
46.289
46.154
46.02
45.886
45.752
45.619
45.487
45.354
45.223
45.091
44.961
44.83
44.7
44.571
44.442
44.313
44.185
44.057
43.93
43.803
43.676
43.55
43.424
43.299
43.174
43.05
42.926
42.802
42.679
42.556
42.434
42.312
42.191
42.069
41.949
41.828
41.708
41.589
41.47
41.351
41.233
41.115
40.997
40.88
40.763
40.647
40.531
40.415
40.3
40.185
40.071
39.957
39.843
39.73
39.617
39.504
39.392
39.28
39.169
39.057
38.947
38.836
38.726
38.617
38.508
38.399
38.29
38.182
38.074
37.967
37.86
37.753
37.647
37.541
37.435
37.33
37.225
37.12
37.016
36.912
36.808
36.705
36.602
36.499
36.397
36.295
36.194
36.093
35.992
35.891
35.791
35.691
35.592
35.492
35.394
35.295
35.197
35.099
35.001
34.904
34.807
34.711
34.614
34.518
34.423
34.327
34.232
34.138
34.043
33.949
33.855
33.762
33.669
33.576
33.483
33.391
33.299
33.208
33.116
33.025
32.935
32.844
32.754
32.664
32.575
32.486
32.397
32.308
32.22
32.132
32.044
31.957
31.869
31.782
31.696
31.61
31.524
31.438
31.352
31.267
31.182
31.098
31.013
30.929
30.845
30.762
30.679
30.596
30.513
30.431
30.348
30.267
30.185
30.104
30.023
29.942
29.861
29.781
29.701
29.621
29.542
29.463
29.384
29.305
29.226
29.148
29.07
28.993
28.915
28.838
28.761
28.685
28.608
28.532
28.456
28.38
28.305
28.23
28.155
28.08
28.006
27.932
27.858
27.784
27.711
27.637
27.564
27.492
27.419
27.347
27.275
27.203
27.132
27.06
26.989
26.918
26.848
26.777
26.707
26.637
26.568
26.498
26.429
26.36
26.291
26.222
26.154
26.086
26.018
25.95
25.883
25.816
25.749
25.682
25.615
25.549
25.483
25.417
25.351
25.286
25.22
25.155
25.09
25.026
24.961
24.897
24.833
24.769
24.706
24.642
24.579
24.516
24.453
24.391
24.328
24.266
24.204
24.142
24.081
24.019
23.958
23.897
23.836
23.776
23.716
23.655
23.595
23.536
23.476
23.417
23.357
23.298
23.239
23.181
23.122
23.064
23.006
22.948
22.89
22.833
22.776
22.718
22.661
22.605
22.548
22.492
22.435
22.379
22.323
22.268
22.212
22.157
22.102
22.047
21.992
21.937
21.883
21.829
21.775
21.721
21.667
21.613
21.56
21.507
21.454
21.401
21.348
21.295
21.243
21.191
21.139
21.087
21.035
20.984
20.932
20.881
20.83
20.779
20.728
20.678
20.627
20.577
20.527
20.477
20.427
20.378
20.328
20.279
20.23
20.181
20.132
20.084
20.035
19.987
19.939
19.891
19.843
19.795
19.747
19.7
19.653
19.606
19.559
19.512
19.465
19.419
19.372
19.326
19.28
19.234
19.188
19.143
19.097
19.052
19.006
18.961
18.916
18.872
18.827
18.783
18.738
18.694
18.65
18.606
18.562
18.519
18.475
18.432
18.388
18.345
18.302
18.26
18.217
18.174
18.132
18.09
18.047
18.005
17.963
17.922
17.88
17.839
17.797
17.756
17.715
17.674
17.633
17.592
17.552
17.511
17.471
17.431
17.391
17.351
17.311
17.271
17.232
17.192
17.153
17.114
17.075
17.036
16.997
16.958
16.92
16.881
16.843
16.805
16.766
16.728
16.691
16.653
16.615
16.578
16.54
16.503
16.466
16.429
16.392
16.355
16.318
16.282
16.245
16.209
16.173
16.137
16.101
16.065
16.029
15.993
15.958
15.922
15.887
15.852
15.816
15.781
15.747
15.712
15.677
15.642
15.608
15.574
15.539
15.505
15.471
15.437
15.403
15.37
15.336
15.303
15.269
15.236
15.203
15.17
15.137
15.104
15.071
15.038
15.006
14.973
14.941
14.908
14.876
14.844
14.812
14.78
14.748
14.717
14.685
14.654
14.622
14.591
14.56
14.529
14.498
14.467
14.436
14.405
14.374
14.344
14.313
14.283
14.253
14.223
14.193
14.163
14.133
14.103
14.073
14.044
14.014
13.985
13.955
13.926
13.897
13.868
13.839
13.81
13.781
13.752
13.724
13.695
13.667
13.638
13.61
13.582
13.554
13.526
13.498
13.47
13.442
13.414
13.387
13.359
13.332
13.305
13.277
13.25
13.223
13.196
13.169
13.142
13.115
13.089
13.062
13.036
13.009
12.983
12.957
12.93
12.904
12.878
12.852
12.826
12.801
12.775
12.749
12.724
12.698
12.673
12.647
12.622
12.597
12.572
12.547
12.522
12.497
12.472
12.447
12.423
12.398
12.374
12.349
12.325
12.301
12.276
12.252
12.228
12.204
12.18
12.156
12.133
12.109
12.085
12.062
12.038
12.015
11.991
11.968
11.945
11.922
11.899
11.876
11.853
11.83
11.807
11.784
11.762
11.739
11.717
11.694
11.672
11.649
11.627
11.605
11.583
11.561
11.539
11.517
11.495
11.473
11.451
11.43
11.408
11.387
11.365
11.344
11.322
11.301
11.28
11.259
11.238
11.217
11.196
11.175
11.154
11.133
11.112
11.092
11.071
11.051
11.03
11.01
10.989
10.969
10.949
10.929
10.909
10.889
10.869
10.849
10.829
10.809
10.789
10.769
10.75
10.73
10.711
10.691
10.672
10.653
10.633
10.614
10.595
10.576
10.557
10.538
10.519
10.5
10.481
10.462
10.443
10.425
10.406
10.388
10.369
10.351
10.332
10.314
10.296
10.277
10.259
10.241
10.223
10.205
10.187
10.169
10.151
10.133
10.115
10.098
10.08
10.063
10.045
10.027
10.01
9.9926
9.9752
9.9579
9.9407
9.9235
9.9063
9.8892
9.8722
9.8552
9.8382
9.8213
9.8044
9.7876
9.7709
9.7542
9.7375
9.7209
9.7043
9.6878
9.6714
9.655
9.6386
9.6223
9.606
9.5898
9.5736
9.5574
9.5414
9.5253
9.5093
9.4934
9.4775
9.4616
9.4458
9.43
9.4143
9.3987
9.383
9.3674
9.3519
9.3364
9.321
9.3056
9.2902
9.2749
9.2596
9.2444
9.2292
9.2141
9.199
9.1839
9.1689
9.154
9.139
9.1242
9.1093
9.0945
9.0798
9.0651
9.0504
9.0358
9.0212
9.0067
8.9922
8.9777
8.9633
8.9489
8.9346
8.9203
8.9061
8.8918
8.8777
8.8635
8.8495
8.8354
8.8214
8.8074
8.7935
8.7796
8.7658
8.752
8.7382
8.7245
8.7108
8.6971
8.6835
8.6699
8.6564
8.6429
8.6295
8.616
8.6027
8.5893
8.576
8.5627
8.5495
8.5363
8.5232
8.51
8.497
8.4839
8.4709
8.4579
8.445
8.4321
8.4193
8.4064
8.3937
8.3809
8.3682
8.3555
8.3429
8.3303
8.3177
8.3052
8.2927
8.2802
8.2678
8.2554
8.243
8.2307
8.2184
8.2061
8.1939
8.1817
8.1696
8.1575
8.1454
8.1333
8.1213
8.1094
8.0974
8.0855
8.0736
8.0618
8.05
8.0382
8.0264
8.0147
8.003
7.9914
7.9798
7.9682
7.9566
7.9451
7.9336
7.9222
7.9108
7.8994
7.888
7.8767
7.8654
7.8541
7.8429
7.8317
7.8205
7.8094
7.7983
7.7872
7.7762
7.7651
7.7542
7.7432
7.7323
7.7214
7.7105
7.6997
7.6889
7.6781
7.6674
7.6567
7.646
7.6354
7.6247
7.6141
7.6036
7.5931
7.5826
7.5721
7.5616
7.5512
7.5408
7.5305
7.5201
7.5098
7.4996
7.4893
7.4791
7.4689
7.4588
7.4486
7.4385
7.4284
7.4184
7.4084
7.3984
7.3884
7.3785
7.3686
7.3587
7.3488
7.339
7.3292
7.3194
7.3097
7.3
7.2903
7.2806
7.271
7.2614
7.2518
7.2422
7.2327
7.2232
7.2137
7.2042
7.1948
7.1854
7.176
7.1667
7.1574
7.1481
7.1388
7.1295
7.1203
7.1111
7.1019
7.0928
7.0837
7.0746
7.0655
7.0564
7.0474
7.0384
7.0294
7.0205
7.0116
7.0027
6.9938
6.9849
6.9761
6.9673
6.9585
6.9498
6.941
6.9323
6.9236
6.915
6.9063
6.8977
6.8891
6.8806
6.872
6.8635
6.855
6.8465
6.8381
6.8296
6.8212
6.8128
6.8045
6.7962
6.7878
6.7795
6.7713
6.763
6.7548
6.7466
6.7384
6.7303
6.7221
6.714
6.7059
6.6978
6.6898
6.6818
6.6738
6.6658
6.6578
6.6499
6.642
6.6341
6.6262
6.6183
6.6105
6.6027
6.5949
6.5871
6.5794
6.5716
6.5639
6.5562
6.5486
6.5409
6.5333
6.5257
6.5181
6.5106
6.503
6.4955
6.488
6.4805
6.473
6.4656
6.4582
6.4508
6.4434
6.436
6.4287
6.4214
6.414
6.4068
6.3995
6.3923
6.385
6.3778
6.3706
6.3635
6.3563
6.3492
6.3421
6.335
6.3279
6.3209
6.3138
6.3068
6.2998
6.2928
6.2859
6.2789
6.272
6.2651
6.2582
6.2513
6.2445
6.2377
6.2308
6.224
6.2173
6.2105
6.2038
6.197
6.1903
6.1836
6.177
6.1703
6.1637
6.1571
6.1505
6.1439
6.1373
6.1308
6.1242
6.1177
6.1112
6.1048
6.0983
6.0919
6.0854
6.079
6.0726
6.0663
6.0599
6.0535
6.0472
6.0409
6.0346
6.0283
6.0221
6.0158
6.0096
6.0034
5.9972
5.991
5.9849
5.9787
5.9726
5.9665
5.9604
5.9543
5.9483
5.9422
5.9362
5.9302
5.9242
5.9182
5.9122
5.9063
5.9003
5.8944
5.8885
5.8826
5.8767
5.8709
5.865
5.8592
5.8534
5.8476
5.8418
5.836
5.8303
5.8245
5.8188
5.8131
5.8074
