0
1.2291e-05
9.6724e-05
0.0003212
0.00074937
0.0014409
0.0024521
0.0038355
0.005641
0.0079154
0.010703
0.014046
0.017983
0.022552
0.027788
0.033724
0.040393
0.047825
0.056047
0.065088
0.074972
0.085724
0.097368
0.10993
0.12342
0.13786
0.15328
0.16969
0.18711
0.20555
0.22503
0.24556
0.26717
0.28985
0.31363
0.33851
0.36452
0.39165
0.41991
0.44933
0.4799
0.51163
0.54454
0.57863
0.61391
0.65039
0.68806
0.72695
0.76705
0.80836
0.8509
0.89467
0.93967
0.98591
1.0334
1.0821
1.1321
1.1833
1.2358
1.2895
1.3445
1.4007
1.4583
1.517
1.5771
1.6384
1.7009
1.7648
1.8299
1.8963
1.9639
2.0328
2.103
2.1744
2.2471
2.3211
2.3964
2.4729
2.5507
2.6297
2.7101
2.7916
2.8745
2.9586
3.0439
3.1305
3.2184
3.3075
3.3979
3.4895
3.5823
3.6765
3.7718
3.8684
3.9662
4.0653
4.1656
4.2671
4.3698
4.4738
4.579
4.6854
4.7931
4.9019
5.012
5.1232
5.2357
5.3493
5.4642
5.5802
5.6975
5.8159
5.9355
6.0563
6.1782
6.3014
6.4257
6.5511
6.6778
6.8056
6.9345
7.0646
7.1958
7.3282
7.4617
7.5964
7.7321
7.869
8.0071
8.1462
8.2865
8.4279
8.5703
8.7139
8.8586
9.0044
9.1512
9.2992
9.4482
9.5983
9.7495
9.9018
10.055
10.209
10.365
10.521
10.679
10.837
10.997
11.158
11.319
11.482
11.646
11.811
11.976
12.143
12.311
12.48
12.649
12.82
12.992
13.165
13.338
13.513
13.689
13.865
14.043
14.222
14.401
14.581
14.763
14.945
15.128
15.313
15.498
15.684
15.871
16.059
16.247
16.437
16.628
16.819
17.011
17.205
17.399
17.594
17.79
17.986
18.184
18.383
18.582
18.782
18.983
19.185
19.388
19.591
19.796
20.001
20.207
20.414
20.622
20.83
21.039
21.249
21.46
21.672
21.884
22.098
22.312
22.526
22.742
22.958
23.176
23.393
23.612
23.831
24.052
24.272
24.494
24.716
24.939
25.163
25.388
25.613
25.839
26.066
26.293
26.521
26.75
26.979
27.209
27.44
27.672
27.904
28.137
28.37
28.605
28.84
29.075
29.311
29.548
29.786
30.024
30.262
30.502
30.742
30.983
31.224
31.466
31.708
31.952
32.195
32.44
32.685
32.93
33.176
33.423
33.67
33.918
34.167
34.416
34.666
34.916
35.167
35.418
35.67
35.922
36.175
36.429
36.683
36.938
37.193
37.449
37.705
37.962
38.219
38.477
38.735
38.994
39.253
39.513
39.773
40.034
40.296
40.558
40.82
41.083
41.346
41.61
41.874
42.139
42.404
42.67
42.936
43.202
43.47
43.737
44.005
44.273
44.542
44.812
45.081
45.351
45.622
45.893
46.164
46.436
46.709
46.981
47.254
47.528
47.802
48.076
48.351
48.626
48.902
49.178
49.454
49.731
50.008
50.285
50.563
50.841
51.12
51.399
51.678
51.958
52.238
52.518
52.799
53.08
53.361
53.643
53.925
54.208
54.491
54.774
55.057
55.341
55.625
55.91
56.194
56.479
56.765
57.051
57.337
57.623
57.91
58.196
58.484
58.771
59.059
59.347
59.636
59.924
60.213
60.503
60.792
61.082
61.372
61.662
61.953
62.244
62.535
62.827
63.118
63.41
63.702
63.995
64.288
64.581
64.874
65.167
65.461
65.755
66.049
66.343
66.638
66.933
67.228
67.523
67.819
68.114
68.41
68.706
69.003
69.299
69.596
69.893
70.19
70.488
70.785
71.083
71.381
71.679
71.978
72.276
72.575
72.874
73.173
73.473
73.772
74.072
74.371
74.671
74.972
75.272
75.573
75.873
76.174
76.475
76.776
77.077
77.379
77.681
77.982
78.284
78.586
78.888
79.191
79.493
79.796
80.099
80.402
80.705
81.008
81.311
81.614
81.918
82.222
82.525
82.829
83.133
83.437
83.742
84.046
84.35
84.655
84.96
85.265
85.569
85.874
86.18
86.485
86.79
87.095
87.401
87.706
88.012
88.318
88.624
88.93
89.236
89.542
89.848
90.154
90.46
90.767
91.073
91.38
91.686
91.993
92.3
92.607
92.914
93.22
93.527
93.835
94.142
94.449
94.756
95.063
95.371
95.678
95.985
96.293
96.6
96.908
97.216
97.523
97.831
98.139
98.446
98.754
99.062
99.37
99.678
99.986
100.29
100.6
100.91
101.22
101.53
101.83
102.14
102.45
102.76
103.07
103.37
103.68
103.99
104.3
104.61
104.92
105.22
105.53
105.84
106.15
106.46
106.77
107.07
107.38
107.69
108
108.31
108.61
108.92
109.23
109.54
109.85
110.16
110.46
110.77
111.08
111.39
111.7
112
112.31
112.62
112.93
113.24
113.54
113.85
114.16
114.47
114.78
115.08
115.39
115.7
116.01
116.32
116.62
116.93
117.24
117.55
117.85
118.16
118.47
118.78
119.08
119.39
119.7
120
120.31
120.62
120.93
121.23
121.54
121.85
122.15
122.46
122.77
123.07
123.38
123.69
123.99
124.3
124.61
124.91
125.22
125.53
125.83
126.14
126.44
126.75
127.05
127.36
127.67
127.97
128.28
128.58
128.89
129.19
129.5
129.8
130.11
130.41
130.72
131.02
131.33
131.63
131.94
132.24
132.55
132.85
133.16
133.46
133.76
134.07
134.37
134.68
134.98
135.28
135.59
135.89
136.19
136.5
136.8
137.1
137.41
137.71
138.01
138.32
138.62
138.92
139.22
139.53
139.83
140.13
140.43
140.73
141.04
141.34
141.64
141.94
142.24
142.54
142.84
143.15
143.45
143.75
144.05
144.35
144.65
144.95
145.25
145.55
145.85
146.15
146.45
146.75
147.05
147.35
147.65
147.95
148.25
148.55
148.84
149.14
149.44
149.74
150.04
150.34
150.63
150.93
151.23
151.53
151.83
152.12
152.42
152.72
153.01
153.31
153.61
153.91
154.2
154.5
154.79
155.09
155.39
155.68
155.98
156.27
156.57
156.87
157.16
157.46
157.75
158.05
158.34
158.63
158.93
159.22
159.52
159.81
160.11
160.4
160.69
160.99
161.28
161.57
161.87
162.16
162.45
162.74
163.04
163.33
163.62
163.91
164.2
164.5
164.79
165.08
165.37
165.66
165.95
166.24
166.53
166.82
167.11
167.4
167.69
167.98
168.27
168.56
168.85
169.14
169.43
169.72
170.01
170.3
170.59
170.87
171.16
171.45
171.74
172.03
172.31
172.6
172.89
173.18
173.46
173.75
174.04
174.32
174.61
174.89
175.18
175.47
175.75
176.04
176.32
176.61
176.89
177.18
177.46
177.75
178.03
178.31
178.6
178.88
179.17
179.45
179.73
180.02
180.3
180.58
180.86
181.15
181.43
181.71
181.99
182.28
182.56
182.84
183.12
183.4
183.68
183.96
184.24
184.52
184.8
185.08
185.36
185.64
185.92
186.2
186.48
186.76
187.04
187.32
187.6
187.88
188.15
188.43
188.71
188.99
189.26
189.54
189.82
190.1
190.37
190.65
190.93
191.2
191.48
191.75
192.03
192.3
192.58
192.86
193.13
193.41
193.68
193.95
194.23
194.5
194.78
195.05
195.32
195.6
195.87
196.14
196.42
196.69
196.96
197.23
197.51
197.78
198.05
198.32
198.59
198.86
199.14
199.41
199.68
199.95
200.22
200.49
200.76
201.03
201.3
201.57
201.84
202.1
202.37
202.64
202.91
203.18
203.45
203.71
203.98
204.25
204.52
204.78
205.05
205.32
205.58
205.85
206.12
206.38
206.65
206.92
207.18
207.45
207.71
207.98
208.24
208.51
208.77
209.03
209.3
209.56
209.83
210.09
210.35
210.62
210.88
211.14
211.4
211.67
211.93
212.19
212.45
212.71
212.97
213.24
213.5
213.76
214.02
214.28
214.54
214.8
215.06
215.32
215.58
215.84
216.1
216.35
216.61
216.87
217.13
217.39
217.65
217.9
218.16
218.42
218.68
218.93
219.19
219.45
219.7
219.96
220.22
220.47
220.73
220.98
221.24
221.49
221.75
222
222.26
222.51
222.77
223.02
223.27
223.53
223.78
224.03
224.29
224.54
224.79
225.04
225.3
225.55
225.8
226.05
226.3
226.56
226.81
227.06
227.31
227.56
227.81
228.06
228.31
228.56
228.81
229.06
229.31
229.56
229.8
230.05
230.3
230.55
230.8
231.05
231.29
231.54
231.79
232.03
232.28
232.53
232.77
233.02
233.27
233.51
233.76
234
234.25
234.49
234.74
234.98
235.23
235.47
235.72
235.96
236.2
236.45
236.69
236.94
237.18
237.42
237.66
237.91
238.15
238.39
238.63
238.87
239.12
239.36
239.6
239.84
240.08
240.32
240.56
240.8
241.04
241.28
241.52
241.76
242
242.24
242.48
242.71
242.95
243.19
243.43
243.67
243.9
244.14
244.38
244.62
244.85
245.09
245.33
245.56
245.8
246.03
246.27
246.51
246.74
246.98
247.21
247.45
247.68
247.91
248.15
248.38
248.62
248.85
249.08
249.32
249.55
249.78
250.02
250.25
250.48
250.71
250.94
251.18
251.41
251.64
251.87
252.1
252.33
252.56
252.79
253.02
253.25
253.48
253.71
253.94
254.17
254.4
254.63
254.86
255.09
255.31
255.54
255.77
256
256.22
256.45
256.68
256.91
257.13
257.36
257.59
257.81
258.04
258.26
258.49
258.71
258.94
259.16
259.39
259.61
259.84
260.06
260.29
260.51
260.73
260.96
261.18
261.4
261.63
261.85
262.07
262.3
262.52
262.74
262.96
263.18
263.4
263.63
263.85
264.07
264.29
264.51
264.73
264.95
265.17
265.39
265.61
265.83
266.05
266.27
266.49
266.7
266.92
267.14
267.36
267.58
267.79
268.01
268.23
268.45
268.66
268.88
269.1
269.31
269.53
269.75
269.96
270.18
270.39
270.61
270.82
271.04
271.25
271.47
271.68
271.9
272.11
272.32
272.54
272.75
272.96
273.18
273.39
273.6
273.81
274.03
274.24
274.45
274.66
274.87
275.09
275.3
275.51
275.72
275.93
276.14
276.35
276.56
276.77
276.98
277.19
277.4
277.61
277.82
278.03
278.24
278.44
278.65
278.86
279.07
279.28
279.48
279.69
279.9
280.11
280.31
280.52
280.73
280.93
281.14
281.34
281.55
281.75
281.96
282.17
282.37
282.58
282.78
282.98
283.19
283.39
283.6
283.8
284
284.21
284.41
284.61
284.82
285.02
285.22
285.42
285.63
285.83
286.03
286.23
286.43
286.63
286.84
287.04
287.24
287.44
287.64
287.84
288.04
288.24
288.44
288.64
288.84
289.04
289.24
289.43
289.63
289.83
290.03
290.23
290.43
290.62
290.82
291.02
291.21
291.41
291.61
291.81
292
292.2
292.39
292.59
292.79
292.98
293.18
293.37
293.57
293.76
293.96
294.15
294.35
294.54
294.73
294.93
295.12
295.32
295.51
295.7
295.89
296.09
296.28
296.47
296.67
296.86
297.05
297.24
297.43
297.62
297.82
298.01
298.2
298.39
298.58
298.77
298.96
299.15
299.34
299.53
299.72
299.91
300.1
300.29
300.47
300.66
300.85
301.04
301.23
301.42
301.6
301.79
301.98
302.17
302.35
302.54
302.73
302.91
303.1
303.29
303.47
303.66
303.85
304.03
304.22
304.4
304.59
304.77
304.96
305.14
305.33
305.51
305.69
305.88
306.06
306.25
306.43
306.61
306.8
306.98
307.16
307.34
307.53
307.71
307.89
308.07
308.25
308.44
308.62
308.8
308.98
309.16
309.34
309.52
309.7
309.88
310.06
310.24
310.42
310.6
310.78
310.96
311.14
311.32
311.5
311.68
311.85
312.03
312.21
312.39
312.57
312.74
312.92
313.1
313.28
313.45
313.63
313.81
313.98
314.16
314.34
314.51
314.69
314.86
315.04
315.21
315.39
315.57
315.74
315.91
316.09
316.26
316.44
316.61
316.79
316.96
317.13
317.31
317.48
317.65
317.83
318
318.17
318.34
318.52
318.69
318.86
319.03
319.2
319.38
319.55
319.72
319.89
320.06
320.23
320.4
320.57
320.74
320.91
321.08
321.25
321.42
321.59
321.76
321.93
322.1
322.27
322.44
322.6
322.77
322.94
323.11
323.28
323.45
323.61
323.78
323.95
324.11
324.28
324.45
324.61
324.78
324.95
325.11
325.28
325.45
325.61
325.78
325.94
326.11
326.27
326.44
326.6
326.77
326.93
327.1
327.26
327.42
327.59
327.75
327.92
328.08
328.24
328.41
328.57
328.73
328.89
329.06
329.22
329.38
329.54
329.71
329.87
330.03
330.19
330.35
330.51
330.67
330.83
330.99
331.16
331.32
331.48
331.64
331.8
331.96
332.12
332.28
332.43
332.59
332.75
332.91
333.07
333.23
333.39
333.55
333.7
333.86
334.02
334.18
334.34
334.49
334.65
334.81
334.96
335.12
335.28
335.43
335.59
335.75
335.9
336.06
336.21
336.37
336.53
336.68
336.84
336.99
337.15
337.3
337.46
337.61
337.76
337.92
338.07
338.23
338.38
338.53
338.69
338.84
338.99
339.15
339.3
339.45
339.6
339.76
339.91
340.06
340.21
340.37
340.52
340.67
340.82
340.97
341.12
341.27
341.42
341.58
341.73
341.88
342.03
342.18
342.33
342.48
342.63
342.78
342.93
343.07
343.22
343.37
343.52
343.67
343.82
343.97
344.12
344.26
344.41
344.56
344.71
344.86
345
345.15
345.3
345.44
345.59
345.74
345.89
346.03
346.18
346.32
346.47
346.62
346.76
346.91
347.05
347.2
347.34
347.49
347.63
347.78
347.92
348.07
348.21
348.36
348.5
348.65
348.79
348.93
349.08
349.22
349.36
349.51
349.65
349.79
349.94
350.08
350.22
350.36
350.5
350.65
350.79
350.93
351.07
351.21
351.36
351.5
351.64
351.78
351.92
352.06
352.2
352.34
352.48
352.62
352.76
352.9
353.04
353.18
353.32
353.46
353.6
353.74
353.88
354.02
354.16
354.29
354.43
354.57
354.71
354.85
354.99
355.12
355.26
355.4
355.54
355.67
355.81
355.95
356.09
356.22
356.36
356.49
356.63
356.77
356.9
357.04
357.18
357.31
357.45
357.58
357.72
357.85
357.99
358.12
358.26
358.39
358.53
358.66
358.8
358.93
359.06
359.2
359.33
359.47
359.6
359.73
359.87
360
360.13
360.27
360.4
360.53
360.66
360.8
360.93
361.06
361.19
361.32
361.46
361.59
361.72
361.85
361.98
362.11
362.24
362.37
362.51
362.64
362.77
362.9
363.03
363.16
363.29
363.42
363.55
363.68
363.81
363.94
364.06
364.19
364.32
364.45
364.58
364.71
364.84
364.97
365.09
365.22
365.35
365.48
365.61
365.73
365.86
365.99
366.12
366.24
366.37
366.5
366.62
366.75
366.88
367
367.13
367.26
367.38
367.51
367.63
367.76
367.89
368.01
368.14
368.26
368.39
368.51
368.64
368.76
368.89
369.01
369.13
369.26
369.38
369.51
369.63
369.75
369.88
370
370.13
370.25
370.37
370.5
370.62
370.74
370.86
370.99
371.11
371.23
371.35
371.48
371.6
371.72
371.84
371.96
372.08
372.21
372.33
372.45
372.57
372.69
372.81
372.93
373.05
373.17
373.29
373.41
373.53
373.65
373.77
373.89
374.01
374.13
374.25
374.37
374.49
374.61
374.73
374.85
374.97
375.08
375.2
375.32
375.44
375.56
375.68
375.79
375.91
376.03
376.15
376.26
376.38
376.5
376.62
376.73
376.85
376.97
377.08
377.2
377.32
377.43
377.55
377.67
377.78
377.9
378.01
378.13
378.24
378.36
378.48
378.59
378.71
378.82
378.94
379.05
379.17
379.28
379.39
379.51
379.62
379.74
379.85
379.97
380.08
380.19
380.31
380.42
380.53
380.65
380.76
380.87
380.99
381.1
381.21
381.32
381.44
381.55
381.66
381.77
381.88
382
382.11
382.22
382.33
382.44
382.55
382.67
382.78
382.89
383
383.11
383.22
383.33
383.44
383.55
383.66
383.77
383.88
383.99
384.1
384.21
384.32
384.43
384.54
384.65
384.76
384.87
384.98
385.09
385.2
385.3
385.41
385.52
385.63
385.74
385.85
385.95
386.06
386.17
386.28
386.39
386.49
386.6
386.71
386.82
386.92
387.03
387.14
387.24
387.35
387.46
387.56
387.67
387.78
387.88
387.99
388.09
388.2
388.31
388.41
388.52
388.62
388.73
388.83
388.94
389.04
389.15
389.25
389.36
389.46
389.57
389.67
389.78
389.88
389.98
390.09
390.19
390.3
390.4
390.5
390.61
390.71
390.81
390.92
391.02
391.12
391.23
391.33
391.43
391.53
391.64
391.74
391.84
391.94
392.05
392.15
392.25
392.35
392.45
392.56
392.66
392.76
392.86
392.96
393.06
393.16
393.26
393.37
393.47
393.57
393.67
393.77
393.87
393.97
394.07
394.17
394.27
394.37
394.47
394.57
394.67
394.77
394.87
394.97
395.07
395.16
395.26
395.36
395.46
395.56
395.66
395.76
395.86
395.95
396.05
396.15
396.25
396.35
396.44
396.54
396.64
396.74
396.83
396.93
397.03
397.13
397.22
397.32
397.42
397.51
397.61
397.71
397.8
397.9
398
398.09
398.19
398.28
398.38
398.48
398.57
398.67
398.76
398.86
398.95
399.05
399.14
399.24
399.34
399.43
399.52
399.62
399.71
399.81
399.9
400
400.09
400.19
400.28
400.37
400.47
400.56
400.66
