500
499.96
499.86
499.68
499.45
499.16
498.81
498.41
497.96
497.47
496.93
496.35
495.74
495.08
494.39
493.67
492.91
492.13
491.32
490.48
489.61
488.72
487.81
486.87
485.91
484.93
483.94
482.92
481.89
480.84
479.77
478.69
477.59
476.48
475.36
474.22
473.07
471.91
470.74
469.56
468.37
467.17
465.96
464.74
463.51
462.27
461.03
459.78
458.53
457.26
455.99
454.72
453.44
452.15
450.86
449.57
448.27
446.97
445.66
444.35
443.04
441.72
440.4
439.08
437.75
436.42
435.09
433.76
432.43
431.09
429.76
428.42
427.08
425.74
424.4
423.06
421.71
420.37
419.03
417.68
416.34
415
413.65
412.31
410.97
409.63
408.28
406.94
405.6
404.26
402.92
401.59
400.25
398.92
397.58
396.25
394.92
393.59
392.26
390.93
389.61
388.28
386.96
385.64
384.32
383.01
381.69
380.38
379.07
377.77
376.46
375.16
373.86
372.56
371.26
369.97
368.68
367.39
366.1
364.82
363.54
362.26
360.98
359.71
358.44
357.17
355.91
354.65
353.39
352.13
350.88
349.63
348.38
347.14
345.9
344.66
343.42
342.19
340.96
339.74
338.51
337.29
336.08
334.86
333.65
332.45
331.24
330.04
328.85
327.65
326.46
325.28
324.09
322.91
321.73
320.56
319.39
318.22
317.06
315.9
314.74
313.59
312.44
311.29
310.14
309
307.87
306.73
305.6
304.48
303.35
302.23
301.12
300.01
298.9
297.79
296.69
295.59
294.49
293.4
292.31
291.23
290.14
289.07
287.99
286.92
285.85
284.79
283.73
282.67
281.61
280.56
279.52
278.47
277.43
276.39
275.36
274.33
273.3
272.28
271.26
270.24
269.23
268.22
267.22
266.21
265.21
264.22
263.22
262.23
261.25
260.27
259.29
258.31
257.34
256.37
255.41
254.44
253.48
252.53
251.58
250.63
249.68
248.74
247.8
246.86
245.93
245
244.08
243.16
242.24
241.32
240.41
239.5
238.59
237.69
236.79
235.89
235
234.11
233.22
232.34
231.46
230.58
229.71
228.84
227.97
227.1
226.24
225.38
224.53
223.68
222.83
221.98
221.14
220.3
219.46
218.63
217.8
216.97
216.15
215.33
214.51
213.69
212.88
212.07
211.27
210.46
209.66
208.87
208.07
207.28
206.49
205.71
204.93
204.15
203.37
202.6
201.83
201.06
200.29
199.53
198.77
198.02
197.26
196.51
195.76
195.02
194.28
193.54
192.8
192.07
191.34
190.61
189.88
189.16
188.44
187.73
187.01
186.3
185.59
184.88
184.18
183.48
182.78
182.09
181.39
180.7
180.02
179.33
178.65
177.97
177.29
176.62
175.95
175.28
174.61
173.95
173.29
172.63
171.97
171.32
170.67
170.02
169.37
168.73
168.09
167.45
166.81
166.18
165.55
164.92
164.29
163.67
163.05
162.43
161.81
161.2
160.58
159.97
159.37
158.76
158.16
157.56
156.96
156.37
155.77
155.18
154.6
154.01
153.43
152.84
152.26
151.69
151.11
150.54
149.97
149.4
148.84
148.27
147.71
147.15
146.6
146.04
145.49
144.94
144.39
143.84
143.3
142.76
142.22
141.68
141.15
140.61
140.08
139.55
139.03
138.5
137.98
137.46
136.94
136.42
135.91
135.4
134.89
134.38
133.87
133.37
132.86
132.36
131.87
131.37
130.88
130.38
129.89
129.4
128.92
128.43
127.95
127.47
126.99
126.51
126.04
125.56
125.09
124.62
124.16
123.69
123.23
122.76
122.3
121.85
121.39
120.93
120.48
120.03
119.58
119.13
118.69
118.24
117.8
117.36
116.92
116.49
116.05
115.62
115.18
114.75
114.33
113.9
113.48
113.05
112.63
112.21
111.79
111.38
110.96
110.55
110.14
109.73
109.32
108.91
108.51
108.1
107.7
107.3
106.9
106.51
106.11
105.72
105.33
104.94
104.55
104.16
103.77
103.39
103.01
102.62
102.24
101.87
101.49
101.11
100.74
100.37
99.998
99.629
99.261
98.895
98.53
98.167
97.805
97.445
97.086
96.728
96.372
96.018
95.664
95.313
94.962
94.613
94.266
93.919
93.575
93.231
92.889
92.548
92.209
91.871
91.535
91.199
90.865
90.533
90.202
89.872
89.543
89.216
88.89
88.565
88.242
87.92
87.599
87.28
86.962
86.645
86.329
86.015
85.702
85.39
85.079
84.77
84.462
84.155
83.85
83.545
83.242
82.94
82.639
82.34
82.042
81.744
81.449
81.154
80.86
80.568
80.277
79.987
79.698
79.41
79.123
78.838
78.554
78.271
77.989
77.708
77.428
77.15
76.872
76.596
76.32
76.046
75.773
75.501
75.23
74.961
74.692
74.424
74.158
73.892
73.628
73.365
73.102
72.841
72.581
72.322
72.064
71.807
71.55
71.295
71.041
70.788
70.537
70.286
70.036
69.787
69.539
69.292
69.046
68.801
68.557
68.314
68.072
67.831
67.591
67.351
67.113
66.876
66.64
66.404
66.17
65.937
65.704
65.472
65.242
65.012
64.783
64.555
64.328
64.102
63.877
63.653
63.429
63.207
62.985
62.765
62.545
62.326
62.108
61.891
61.674
61.459
61.244
61.03
60.818
60.606
60.394
60.184
59.974
59.766
59.558
59.351
59.145
58.939
58.735
58.531
58.328
58.126
57.925
57.724
57.525
57.326
57.128
56.93
56.734
56.538
56.343
56.149
55.955
55.763
55.571
55.38
55.189
55
54.811
54.623
54.436
54.249
54.063
53.878
53.694
53.51
53.327
53.145
52.963
52.783
52.603
52.423
52.245
52.067
51.89
51.713
51.538
51.362
51.188
51.014
50.841
50.669
50.498
50.327
50.156
49.987
49.818
49.65
49.482
49.315
49.149
48.983
48.818
48.654
48.49
48.327
48.165
48.003
47.842
47.682
47.522
47.363
47.205
47.047
46.889
46.733
46.577
46.421
46.266
46.112
45.959
45.806
45.653
45.502
45.351
45.2
45.05
44.901
44.752
44.604
44.456
44.309
44.163
44.017
43.871
43.727
43.583
43.439
43.296
43.153
43.012
42.87
42.729
42.589
42.45
42.31
42.172
42.034
41.896
41.759
41.623
41.487
41.352
41.217
41.083
40.949
40.816
40.683
40.551
40.419
40.288
40.157
40.027
39.898
39.769
39.64
39.512
39.384
39.257
39.131
39.004
38.879
38.754
38.629
38.505
38.381
38.258
38.136
38.013
37.892
37.77
37.65
37.529
37.409
37.29
37.171
37.053
36.935
36.817
36.7
36.584
36.468
36.352
36.237
36.122
36.007
35.894
35.78
35.667
35.555
35.442
35.331
35.219
35.109
34.998
34.888
34.779
34.67
34.561
34.453
34.345
34.237
34.13
34.024
33.918
33.812
33.706
33.602
33.497
33.393
33.289
33.186
33.083
32.98
32.878
32.776
32.675
32.574
32.474
32.373
32.274
32.174
32.075
31.977
31.878
31.78
31.683
31.586
31.489
31.393
31.297
31.201
31.106
31.011
30.916
30.822
30.728
30.635
30.542
30.449
30.357
30.265
30.173
30.082
29.991
29.9
29.81
29.72
29.631
29.541
29.452
29.364
29.276
29.188
29.1
29.013
28.926
28.84
28.754
28.668
28.582
28.497
28.412
28.328
28.243
28.159
28.076
27.993
27.91
27.827
27.745
27.663
27.581
27.5
27.419
27.338
27.257
27.177
27.097
27.018
26.939
26.86
26.781
26.703
26.625
26.547
26.47
26.392
26.316
26.239
26.163
26.087
26.011
25.936
25.861
25.786
25.711
25.637
25.563
25.489
25.416
25.343
25.27
25.197
25.125
25.053
24.981
24.91
24.838
24.767
24.697
24.626
24.556
24.486
24.417
24.347
24.278
24.209
24.141
24.072
24.004
23.937
23.869
23.802
23.735
23.668
23.601
23.535
23.469
23.403
23.338
23.272
23.207
23.142
23.078
23.014
22.949
22.886
22.822
22.759
22.696
22.633
22.57
22.508
22.445
22.383
22.322
22.26
22.199
22.138
22.077
22.016
21.956
21.896
21.836
21.776
21.717
21.658
21.599
21.54
21.481
21.423
21.365
21.307
21.249
21.192
21.134
21.077
21.021
20.964
20.907
20.851
20.795
20.739
20.684
20.628
20.573
20.518
20.463
20.409
20.354
20.3
20.246
20.193
20.139
20.086
20.032
19.979
19.927
19.874
19.822
19.769
19.717
19.666
19.614
19.563
19.511
19.46
19.409
19.359
19.308
19.258
19.208
19.158
19.108
19.058
19.009
18.96
18.911
18.862
18.813
18.765
18.716
18.668
18.62
18.573
18.525
18.477
18.43
18.383
18.336
18.289
18.243
18.196
18.15
18.104
18.058
18.013
17.967
17.922
17.876
17.831
17.786
17.742
17.697
17.653
17.608
17.564
17.52
17.477
17.433
17.389
17.346
17.303
17.26
17.217
17.175
17.132
17.09
17.047
17.005
16.963
16.922
16.88
16.839
16.797
16.756
16.715
16.674
16.634
16.593
16.553
16.512
16.472
16.432
16.392
16.353
16.313
16.274
16.234
16.195
16.156
16.118
16.079
16.04
16.002
15.964
15.925
15.887
15.849
15.812
15.774
15.737
15.699
15.662
15.625
15.588
15.551
15.515
15.478
15.442
15.405
15.369
15.333
15.297
15.262
15.226
15.19
15.155
15.12
15.085
15.05
15.015
14.98
14.945
14.911
14.876
14.842
14.808
14.774
14.74
14.706
14.673
14.639
14.606
14.572
14.539
14.506
14.473
14.44
14.408
14.375
14.342
14.31
14.278
14.246
14.214
14.182
14.15
14.118
14.087
14.055
14.024
13.993
13.961
13.93
13.899
13.869
13.838
13.807
13.777
13.746
13.716
13.686
13.656
13.626
13.596
13.566
13.537
13.507
13.478
13.448
13.419
13.39
13.361
13.332
13.303
13.275
13.246
13.217
13.189
13.161
13.132
13.104
13.076
13.048
13.02
12.993
12.965
12.938
12.91
12.883
12.855
12.828
12.801
12.774
12.747
12.721
12.694
12.667
12.641
12.614
12.588
12.562
12.536
12.51
12.484
12.458
12.432
12.406
12.381
12.355
12.33
12.304
12.279
12.254
12.229
12.204
12.179
12.154
12.129
12.105
12.08
12.056
12.031
12.007
11.983
11.959
11.934
11.91
11.887
11.863
11.839
11.815
11.792
11.768
11.745
11.721
11.698
11.675
11.652
11.629
11.606
11.583
11.56
11.538
11.515
11.492
11.47
11.448
11.425
11.403
11.381
11.359
11.337
11.315
11.293
11.271
11.249
11.228
11.206
11.185
11.163
11.142
11.121
11.099
11.078
11.057
11.036
11.015
10.994
10.974
10.953
10.932
10.912
10.891
10.871
10.85
10.83
10.81
10.79
10.769
10.749
10.729
10.71
10.69
10.67
10.65
10.631
10.611
10.592
10.572
10.553
10.534
10.514
10.495
10.476
10.457
10.438
10.419
10.4
10.381
10.363
10.344
10.325
10.307
10.288
10.27
10.252
10.233
10.215
10.197
10.179
10.161
10.143
10.125
10.107
10.089
10.071
10.054
10.036
10.018
10.001
9.9835
9.9661
9.9487
9.9315
9.9142
9.897
9.8799
9.8629
9.8459
9.8289
9.812
9.7952
9.7784
9.7617
9.745
9.7284
9.7118
9.6953
9.6789
9.6625
9.6461
9.6298
9.6136
9.5974
9.5813
9.5652
9.5492
9.5332
9.5173
9.5014
9.4856
9.4698
9.4541
9.4385
9.4229
9.4073
9.3918
9.3763
9.3609
9.3456
9.3303
9.315
9.2998
9.2847
9.2695
9.2545
9.2395
9.2245
9.2096
9.1948
9.1799
9.1652
9.1505
9.1358
9.1212
9.1066
9.0921
9.0776
9.0632
9.0488
9.0344
9.0201
9.0059
8.9917
8.9775
8.9634
8.9494
8.9354
8.9214
8.9075
8.8936
8.8797
8.8659
8.8522
8.8385
8.8248
8.8112
8.7977
8.7841
8.7706
8.7572
8.7438
8.7305
8.7171
8.7039
8.6907
8.6775
8.6643
8.6512
8.6382
8.6252
8.6122
8.5993
8.5864
8.5735
8.5607
8.548
8.5352
8.5225
8.5099
8.4973
8.4847
8.4722
8.4597
8.4473
8.4349
8.4225
8.4102
8.3979
8.3857
8.3735
8.3613
8.3492
8.3371
8.325
8.313
8.301
8.2891
8.2772
8.2653
8.2535
8.2417
8.23
8.2183
8.2066
8.195
8.1834
8.1718
8.1603
8.1488
8.1373
8.1259
8.1145
8.1032
8.0919
8.0806
8.0694
8.0582
8.047
8.0359
8.0248
8.0137
8.0027
7.9917
7.9807
7.9698
7.9589
7.9481
7.9372
7.9265
7.9157
7.905
7.8943
7.8836
7.873
7.8624
7.8519
7.8414
7.8309
7.8204
7.81
7.7996
7.7893
7.7789
7.7687
7.7584
7.7482
7.738
7.7278
7.7177
7.7076
7.6975
7.6875
7.6775
7.6675
7.6576
7.6477
7.6378
7.6279
7.6181
7.6083
7.5986
7.5888
7.5791
7.5695
7.5598
7.5502
7.5406
7.5311
7.5216
7.5121
7.5026
7.4932
7.4838
7.4744
7.4651
7.4558
7.4465
7.4372
7.428
7.4188
7.4096
7.4005
7.3914
7.3823
7.3732
7.3642
7.3552
7.3462
7.3373
7.3284
7.3195
7.3106
7.3018
7.2929
7.2842
7.2754
7.2667
7.258
7.2493
7.2406
7.232
7.2234
7.2149
7.2063
7.1978
7.1893
7.1808
7.1724
7.164
7.1556
7.1472
7.1389
7.1306
7.1223
7.114
7.1058
7.0976
7.0894
7.0813
7.0731
7.065
7.0569
7.0489
7.0408
7.0328
7.0248
7.0169
7.0089
7.001
6.9931
6.9852
6.9774
6.9696
6.9618
6.954
6.9463
6.9385
6.9308
6.9232
6.9155
6.9079
6.9003
6.8927
6.8851
6.8776
6.8701
6.8626
6.8551
6.8476
6.8402
6.8328
6.8254
6.8181
6.8107
6.8034
6.7961
6.7889
6.7816
6.7744
6.7672
6.76
6.7528
6.7457
6.7386
6.7315
6.7244
6.7173
6.7103
6.7033
6.6963
6.6893
6.6824
6.6754
6.6685
6.6616
6.6548
6.6479
6.6411
6.6343
6.6275
6.6207
6.614
6.6073
6.6006
6.5939
6.5872
6.5806
6.5739
6.5673
6.5607
6.5542
6.5476
6.5411
6.5346
6.5281
6.5216
6.5152
6.5088
6.5023
6.496
6.4896
6.4832
6.4769
6.4706
6.4643
6.458
6.4517
6.4455
6.4393
6.4331
6.4269
6.4207
6.4145
6.4084
6.4023
6.3962
6.3901
6.3841
6.378
6.372
6.366
6.36
6.354
6.3481
6.3421
6.3362
6.3303
6.3244
6.3186
6.3127
6.3069
6.3011
6.2953
6.2895
6.2837
6.278
6.2722
6.2665
6.2608
6.2552
6.2495
6.2438
6.2382
6.2326
6.227
6.2214
6.2159
6.2103
6.2048
6.1993
6.1938
6.1883
6.1828
6.1774
6.1719
6.1665
6.1611
6.1557
6.1503
6.145
6.1396
6.1343
6.129
6.1237
6.1184
6.1132
6.1079
6.1027
6.0975
6.0923
6.0871
6.0819
6.0767
6.0716
6.0665
6.0614
6.0563
6.0512
6.0461
6.041
6.036
6.031
6.026
6.021
6.016
6.011
6.0061
6.0011
5.9962
5.9913
5.9864
5.9815
5.9767
5.9718
5.967
5.9621
5.9573
5.9525
5.9478
5.943
5.9382
5.9335
5.9288
5.924
5.9193
5.9146
5.91
5.9053
5.9007
5.896
5.8914
5.8868
5.8822
5.8776
5.8731
5.8685
5.864
5.8594
5.8549
5.8504
5.8459
5.8414
5.837
5.8325
5.8281
5.8237
5.8192
5.8148
5.8105
5.8061
5.8017
5.7974
5.793
5.7887
5.7844
5.7801
5.7758
5.7715
5.7673
5.763
5.7588
5.7545
5.7503
5.7461
5.7419
5.7377
5.7336
5.7294
5.7253
5.7211
5.717
5.7129
5.7088
5.7047
5.7006
5.6966
5.6925
5.6885
5.6845
5.6804
5.6764
5.6724
5.6684
5.6645
5.6605
5.6566
5.6526
5.6487
5.6448
5.6409
5.637
5.6331
5.6292
5.6254
5.6215
5.6177
5.6138
5.61
5.6062
5.6024
5.5986
5.5949
5.5911
5.5873
5.5836
5.5799
5.5761
5.5724
5.5687
5.565
5.5614
5.5577
5.554
5.5504
5.5467
5.5431
5.5395
5.5359
5.5323
5.5287
5.5251
5.5215
5.518
5.5144
5.5109
5.5074
5.5038
5.5003
5.4968
5.4933
5.4899
5.4864
5.4829
5.4795
5.476
5.4726
5.4692
5.4658
5.4624
5.459
5.4556
5.4522
5.4489
5.4455
5.4422
5.4388
5.4355
5.4322
5.4289
5.4256
5.4223
5.419
5.4157
5.4124
5.4092
5.4059
5.4027
5.3995
5.3963
5.3931
5.3899
5.3867
5.3835
5.3803
5.3771
5.374
5.3708
5.3677
5.3646
5.3614
5.3583
5.3552
5.3521
5.349
5.346
5.3429
5.3398
5.3368
5.3337
5.3307
5.3277
5.3246
5.3216
5.3186
5.3156
5.3126
5.3097
5.3067
5.3037
5.3008
5.2978
5.2949
5.292
5.289
5.2861
5.2832
5.2803
5.2774
5.2745
5.2717
5.2688
5.266
5.2631
5.2603
5.2574
5.2546
5.2518
5.249
5.2462
5.2434
5.2406
5.2378
5.235
5.2323
5.2295
5.2267
5.224
5.2213
5.2185
5.2158
5.2131
5.2104
5.2077
5.205
5.2023
5.1996
5.197
5.1943
5.1917
5.189
5.1864
5.1837
5.1811
5.1785
5.1759
5.1733
5.1707
5.1681
5.1655
5.1629
5.1604
5.1578
5.1552
5.1527
5.1502
5.1476
5.1451
5.1426
5.1401
5.1376
5.1351
5.1326
5.1301
5.1276
5.1251
5.1227
5.1202
5.1177
5.1153
5.1129
5.1104
5.108
5.1056
5.1032
5.1008
5.0984
5.096
5.0936
5.0912
5.0888
5.0864
5.0841
5.0817
5.0794
5.077
5.0747
5.0724
5.07
5.0677
5.0654
5.0631
5.0608
5.0585
5.0562
5.0539
5.0517
5.0494
5.0471
5.0449
5.0426
5.0404
5.0382
5.0359
5.0337
5.0315
5.0293
5.0271
5.0249
5.0227
5.0205
5.0183
5.0161
5.0139
5.0118
5.0096
5.0074
5.0053
5.0032
5.001
4.9989
4.9968
4.9946
4.9925
4.9904
4.9883
4.9862
4.9841
4.982
4.9799
4.9779
4.9758
4.9737
4.9717
